param p_minus :=
1 0.48
2 0.48
3 0.48
4 0.48
5 0.48
6 0.48
7 0.48
8 0.24
9 0.24
10 0.24
11 0.24
12 0.24
13 0.24
14 0.24
15 0.24
16 0.24
17 0.24
18 0.24
19 0.24
20 0.48
21 0.48
22 0.48
23 0.48
24 0.48
25 0.48
26 0.48
27 0.48
28 0.48
29 0.48
30 0.48
31 0.48
32 0.24
33 0.24
34 0.24
35 0.24
36 0.24
37 0.24
38 0.24
39 0.24
40 0.24
41 0.24
42 0.24
43 0.24
44 0.48
45 0.48
46 0.48
47 0.48
48 0.48
49 0.48
50 0.48
51 0.48
52 0.48
53 0.48
54 0.48
55 0.48
56 0.24
57 0.24
58 0.24
59 0.24
60 0.24
61 0.24
62 0.24
63 0.24
64 0.24
65 0.24
66 0.24
67 0.24
68 0.48
69 0.48
70 0.48
71 0.48
72 0.48
73 0.48
74 0.48
75 0.48
76 0.48
77 0.48
78 0.48
79 0.48
80 0.24
81 0.24
82 0.24
83 0.24
84 0.24
85 0.24
86 0.24
87 0.24
88 0.24
89 0.24
90 0.24
91 0.24
92 0.48
93 0.48
94 0.48
95 0.48
96 0.48
97 0.48
98 0.48
99 0.48
100 0.48
101 0.48
102 0.48
103 0.48
104 0.24
105 0.24
106 0.24
107 0.24
108 0.24
109 0.24
110 0.24
111 0.24
112 0.24
113 0.24
114 0.24
115 0.24
116 0.48
117 0.48
118 0.48
119 0.48
120 0.48
121 0.48
122 0.48
123 0.48
124 0.48
125 0.48
126 0.48
127 0.48
128 0.24
129 0.24
130 0.24
131 0.24
132 0.24
133 0.24
134 0.24
135 0.24
136 0.24
137 0.24
138 0.24
139 0.24
140 0.48
141 0.48
142 0.48
143 0.48
144 0.48
145 0.48
146 0.48
147 0.48
148 0.48
149 0.48
150 0.48
151 0.48
152 0.24
153 0.24
154 0.24
155 0.24
156 0.24
157 0.24
158 0.24
159 0.24
160 0.24
161 0.24
162 0.24
163 0.24
164 0.48
165 0.48
166 0.48
167 0.48
168 0.48
169 0.48
170 0.48
171 0.48
172 0.48
173 0.48
174 0.48
175 0.48
176 0.24
177 0.24
178 0.24
179 0.24
180 0.24
181 0.24
182 0.24
183 0.24
184 0.24
185 0.24
186 0.24
187 0.24
188 0.48
189 0.48
190 0.48
191 0.48
192 0.48
193 0.48
194 0.48
195 0.48
196 0.48
197 0.48
198 0.48
199 0.48
200 0.24
201 0.24
202 0.24
203 0.24
204 0.24
205 0.24
206 0.24
207 0.24
208 0.24
209 0.24
210 0.24
211 0.24
212 0.48
213 0.48
214 0.48
215 0.48
216 0.48
217 0.48
218 0.48
219 0.48
220 0.48
221 0.48
222 0.48
223 0.48
224 0.24
225 0.24
226 0.24
227 0.24
228 0.24
229 0.24
230 0.24
231 0.24
232 0.24
233 0.24
234 0.24
235 0.24
236 0.48
237 0.48
238 0.48
239 0.48
240 0.48
241 0.48
242 0.48
243 0.48
244 0.48
245 0.48
246 0.48
247 0.48
248 0.24
249 0.24
250 0.24
251 0.24
252 0.24
253 0.24
254 0.24
255 0.24
256 0.24
257 0.24
258 0.24
259 0.24
260 0.48
261 0.48
262 0.48
263 0.48
264 0.48
265 0.48
266 0.48
267 0.48
268 0.48
269 0.48
270 0.48
271 0.48
272 0.24
273 0.24
274 0.24
275 0.24
276 0.24
277 0.24
278 0.24
279 0.24
280 0.24
281 0.24
282 0.24
283 0.24
284 0.48
285 0.48
286 0.48
287 0.48
288 0.48
289 0.48
290 0.48
291 0.48
292 0.48
293 0.48
294 0.48
295 0.48
296 0.24
297 0.24
298 0.24
299 0.24
300 0.24
301 0.24
302 0.24
303 0.24
304 0.24
305 0.24
306 0.24
307 0.24
308 0.48
309 0.48
310 0.48
311 0.48
312 0.48
313 0.48
314 0.48
315 0.48
316 0.48
317 0.48
318 0.48
319 0.48
320 0.24
321 0.24
322 0.24
323 0.24
324 0.24
325 0.24
326 0.24
327 0.24
328 0.24
329 0.24
330 0.24
331 0.24
332 0.48
333 0.48
334 0.48
335 0.48
336 0.48
337 0.48
338 0.48
339 0.48
340 0.48
341 0.48
342 0.48
343 0.48
344 0.24
345 0.24
346 0.24
347 0.24
348 0.24
349 0.24
350 0.24
351 0.24
352 0.24
353 0.24
354 0.24
355 0.24
356 0.48
357 0.48
358 0.48
359 0.48
360 0.48
361 0.48
362 0.48
363 0.48
364 0.48
365 0.48
366 0.48
367 0.48
368 0.24
369 0.24
370 0.24
371 0.24
372 0.24
373 0.24
374 0.24
375 0.24
376 0.24
377 0.24
378 0.24
379 0.24
380 0.48
381 0.48
382 0.48
383 0.48
384 0.48
385 0.48
386 0.48
387 0.48
388 0.48
389 0.48
390 0.48
391 0.48
392 0.24
393 0.24
394 0.24
395 0.24
396 0.24
397 0.24
398 0.24
399 0.24
400 0.24
401 0.24
402 0.24
403 0.24
404 0.48
405 0.48
406 0.48
407 0.48
408 0.48
409 0.48
410 0.48
411 0.48
412 0.48
413 0.48
414 0.48
415 0.48
416 0.24
417 0.24
418 0.24
419 0.24
420 0.24
421 0.24
422 0.24
423 0.24
424 0.24
425 0.24
426 0.24
427 0.24
428 0.48
429 0.48
430 0.48
431 0.48
432 0.48
433 0.48
434 0.48
435 0.48
436 0.48
437 0.48
438 0.48
439 0.48
440 0.24
441 0.24
442 0.24
443 0.24
444 0.24
445 0.24
446 0.24
447 0.24
448 0.24
449 0.24
450 0.24
451 0.24
452 0.48
453 0.48
454 0.48
455 0.48
456 0.48
457 0.48
458 0.48
459 0.48
460 0.48
461 0.48
462 0.48
463 0.48
464 0.24
465 0.24
466 0.24
467 0.24
468 0.24
469 0.24
470 0.24
471 0.24
472 0.24
473 0.24
474 0.24
475 0.24
476 0.48
477 0.48
478 0.48
479 0.48
480 0.48
481 0.48
482 0.48
483 0.48
484 0.48
485 0.48
486 0.48
487 0.48
488 0.24
489 0.24
490 0.24
491 0.24
492 0.24
493 0.24
494 0.24
495 0.24
496 0.24
497 0.24
498 0.24
499 0.24
500 0.48
501 0.48
502 0.48
503 0.48
504 0.48
505 0.48
506 0.48
507 0.48
508 0.48
509 0.48
510 0.48
511 0.48
512 0.24
513 0.24
514 0.24
515 0.24
516 0.24
517 0.24
518 0.24
519 0.24
520 0.24
521 0.24
522 0.24
523 0.24
524 0.48
525 0.48
526 0.48
527 0.48
528 0.48
529 0.48
530 0.48
531 0.48
532 0.48
533 0.48
534 0.48
535 0.48
536 0.24
537 0.24
538 0.24
539 0.24
540 0.24
541 0.24
542 0.24
543 0.24
544 0.24
545 0.24
546 0.24
547 0.24
548 0.48
549 0.48
550 0.48
551 0.48
552 0.48
553 0.48
554 0.48
555 0.48
556 0.48
557 0.48
558 0.48
559 0.48
560 0.24
561 0.24
562 0.24
563 0.24
564 0.24
565 0.24
566 0.24
567 0.24
568 0.24
569 0.24
570 0.24
571 0.24
572 0.48
573 0.48
574 0.48
575 0.48
576 0.48
577 0.48
578 0.48
579 0.48
580 0.48
581 0.48
582 0.48
583 0.48
584 0.24
585 0.24
586 0.24
587 0.24
588 0.24
589 0.24
590 0.24
591 0.24
592 0.24
593 0.24
594 0.24
595 0.24
596 0.48
597 0.48
598 0.48
599 0.48
600 0.48
601 0.48
602 0.48
603 0.48
604 0.48
605 0.48
606 0.48
607 0.48
608 0.24
609 0.24
610 0.24
611 0.24
612 0.24
613 0.24
614 0.24
615 0.24
616 0.24
617 0.24
618 0.24
619 0.24
620 0.48
621 0.48
622 0.48
623 0.48
624 0.48
625 0.48
626 0.48
627 0.48
628 0.48
629 0.48
630 0.48
631 0.48
632 0.24
633 0.24
634 0.24
635 0.24
636 0.24
637 0.24
638 0.24
639 0.24
640 0.24
641 0.24
642 0.24
643 0.24
644 0.48
645 0.48
646 0.48
647 0.48
648 0.48
649 0.48
650 0.48
651 0.48
652 0.48
653 0.48
654 0.48
655 0.48
656 0.24
657 0.24
658 0.24
659 0.24
660 0.24
661 0.24
662 0.24
663 0.24
664 0.24
665 0.24
666 0.24
667 0.24
668 0.48
669 0.48
670 0.48
671 0.48
672 0.48
673 0.48
674 0.48
675 0.48
676 0.48
677 0.48
678 0.48
679 0.48
680 0.24
681 0.24
682 0.24
683 0.24
684 0.24
685 0.24
686 0.24
687 0.24
688 0.24
689 0.24
690 0.24
691 0.24
692 0.48
693 0.48
694 0.48
695 0.48
696 0.48
697 0.48
698 0.48
699 0.48
700 0.48
701 0.48
702 0.48
703 0.48
704 0.24
705 0.24
706 0.24
707 0.24
708 0.24
709 0.24
710 0.24
711 0.24
712 0.24
713 0.24
714 0.24
715 0.24
716 0.48
717 0.48
718 0.48
719 0.48
720 0.48
721 0.48
722 0.48
723 0.48
724 0.48
725 0.48
726 0.48
727 0.48
728 0.24
729 0.24
730 0.24
731 0.24
732 0.24
733 0.24
734 0.24
735 0.24
736 0.24
737 0.24
738 0.24
739 0.24
740 0.48
741 0.48
742 0.48
743 0.48
744 0.48
745 0.48
746 0.48
747 0.48
748 0.48
749 0.48
750 0.48
751 0.48
752 0.24
753 0.24
754 0.24
755 0.24
756 0.24
757 0.24
758 0.24
759 0.24
760 0.24
761 0.24
762 0.24
763 0.24
764 0.48
765 0.48
766 0.48
767 0.48
768 0.48
769 0.48
770 0.48
771 0.48
772 0.48
773 0.48
774 0.48
775 0.48
776 0.24
777 0.24
778 0.24
779 0.24
780 0.24
781 0.24
782 0.24
783 0.24
784 0.24
785 0.24
786 0.24
787 0.24
788 0.48
789 0.48
790 0.48
791 0.48
792 0.48
793 0.48
794 0.48
795 0.48
796 0.48
797 0.48
798 0.48
799 0.48
800 0.24
801 0.24
802 0.24
803 0.24
804 0.24
805 0.24
806 0.24
807 0.24
808 0.24
809 0.24
810 0.24
811 0.24
812 0.48
813 0.48
814 0.48
815 0.48
816 0.48
817 0.48
818 0.48
819 0.48
820 0.48
821 0.48
822 0.48
823 0.48
824 0.24
825 0.24
826 0.24
827 0.24
828 0.24
829 0.24
830 0.24
831 0.24
832 0.24
833 0.24
834 0.24
835 0.24
836 0.48
837 0.48
838 0.48
839 0.48
840 0.48
841 0.48
842 0.48
843 0.48
844 0.48
845 0.48
846 0.48
847 0.48
848 0.24
849 0.24
850 0.24
851 0.24
852 0.24
853 0.24
854 0.24
855 0.24
856 0.24
857 0.24
858 0.24
859 0.24
860 0.48
861 0.48
862 0.48
863 0.48
864 0.48
865 0.48
866 0.48
867 0.48
868 0.48
869 0.48
870 0.48
871 0.48
872 0.24
873 0.24
874 0.24
875 0.24
876 0.24
877 0.24
878 0.24
879 0.24
880 0.24
881 0.24
882 0.24
883 0.24
884 0.48
885 0.48
886 0.48
887 0.48
888 0.48
889 0.48
890 0.48
891 0.48
892 0.48
893 0.48
894 0.48
895 0.48
896 0.24
897 0.24
898 0.24
899 0.24
900 0.24
901 0.24
902 0.24
903 0.24
904 0.24
905 0.24
906 0.24
907 0.24
908 0.48
909 0.48
910 0.48
911 0.48
912 0.48
913 0.48
914 0.48
915 0.48
916 0.48
917 0.48
918 0.48
919 0.48
920 0.24
921 0.24
922 0.24
923 0.24
924 0.24
925 0.24
926 0.24
927 0.24
928 0.24
929 0.24
930 0.24
931 0.24
932 0.48
933 0.48
934 0.48
935 0.48
936 0.48
937 0.48
938 0.48
939 0.48
940 0.48
941 0.48
942 0.48
943 0.48
944 0.24
945 0.24
946 0.24
947 0.24
948 0.24
949 0.24
950 0.24
951 0.24
952 0.24
953 0.24
954 0.24
955 0.24
956 0.48
957 0.48
958 0.48
959 0.48
960 0.48
961 0.48
962 0.48
963 0.48
964 0.48
965 0.48
966 0.48
967 0.48
968 0.24
969 0.24
970 0.24
971 0.24
972 0.24
973 0.24
974 0.24
975 0.24
976 0.24
977 0.24
978 0.24
979 0.24
980 0.48
981 0.48
982 0.48
983 0.48
984 0.48
985 0.48
986 0.48
987 0.48
988 0.48
989 0.48
990 0.48
991 0.48
992 0.24
993 0.24
994 0.24
995 0.24
996 0.24
997 0.24
998 0.24
999 0.24
1000 0.24
1001 0.24
1002 0.24
1003 0.24
1004 0.48
1005 0.48
1006 0.48
1007 0.48
1008 0.48
1009 0.48
1010 0.48
1011 0.48
1012 0.48
1013 0.48
1014 0.48
1015 0.48
1016 0.24
1017 0.24
1018 0.24
1019 0.24
1020 0.24
1021 0.24
1022 0.24
1023 0.24
1024 0.24
1025 0.24
1026 0.24
1027 0.24
1028 0.48
1029 0.48
1030 0.48
1031 0.48
1032 0.48
1033 0.48
1034 0.48
1035 0.48
1036 0.48
1037 0.48
1038 0.48
1039 0.48
1040 0.24
1041 0.24
1042 0.24
1043 0.24
1044 0.24
1045 0.24
1046 0.24
1047 0.24
1048 0.24
1049 0.24
1050 0.24
1051 0.24
1052 0.48
1053 0.48
1054 0.48
1055 0.48
1056 0.48
1057 0.48
1058 0.48
1059 0.48
1060 0.48
1061 0.48
1062 0.48
1063 0.48
1064 0.24
1065 0.24
1066 0.24
1067 0.24
1068 0.24
1069 0.24
1070 0.24
1071 0.24
1072 0.24
1073 0.24
1074 0.24
1075 0.24
1076 0.48
1077 0.48
1078 0.48
1079 0.48
1080 0.48
1081 0.48
1082 0.48
1083 0.48
1084 0.48
1085 0.48
1086 0.48
1087 0.48
1088 0.24
1089 0.24
1090 0.24
1091 0.24
1092 0.24
1093 0.24
1094 0.24
1095 0.24
1096 0.24
1097 0.24
1098 0.24
1099 0.24
1100 0.48
1101 0.48
1102 0.48
1103 0.48
1104 0.48
1105 0.48
1106 0.48
1107 0.48
1108 0.48
1109 0.48
1110 0.48
1111 0.48
1112 0.24
1113 0.24
1114 0.24
1115 0.24
1116 0.24
1117 0.24
1118 0.24
1119 0.24
1120 0.24
1121 0.24
1122 0.24
1123 0.24
1124 0.48
1125 0.48
1126 0.48
1127 0.48
1128 0.48
1129 0.48
1130 0.48
1131 0.48
1132 0.48
1133 0.48
1134 0.48
1135 0.48
1136 0.24
1137 0.24
1138 0.24
1139 0.24
1140 0.24
1141 0.24
1142 0.24
1143 0.24
1144 0.24
1145 0.24
1146 0.24
1147 0.24
1148 0.48
1149 0.48
1150 0.48
1151 0.48
1152 0.48
1153 0.48
1154 0.48
1155 0.48
1156 0.48
1157 0.48
1158 0.48
1159 0.48
1160 0.24
1161 0.24
1162 0.24
1163 0.24
1164 0.24
1165 0.24
1166 0.24
1167 0.24
1168 0.24
1169 0.24
1170 0.24
1171 0.24
1172 0.48
1173 0.48
1174 0.48
1175 0.48
1176 0.48
1177 0.48
1178 0.48
1179 0.48
1180 0.48
1181 0.48
1182 0.48
1183 0.48
1184 0.24
1185 0.24
1186 0.24
1187 0.24
1188 0.24
1189 0.24
1190 0.24
1191 0.24
1192 0.24
1193 0.24
1194 0.24
1195 0.24
1196 0.48
1197 0.48
1198 0.48
1199 0.48
1200 0.48
1201 0.48
1202 0.48
1203 0.48
1204 0.48
1205 0.48
1206 0.48
1207 0.48
1208 0.24
1209 0.24
1210 0.24
1211 0.24
1212 0.24
1213 0.24
1214 0.24
1215 0.24
1216 0.24
1217 0.24
1218 0.24
1219 0.24
1220 0.48
1221 0.48
1222 0.48
1223 0.48
1224 0.48
1225 0.48
1226 0.48
1227 0.48
1228 0.48
1229 0.48
1230 0.48
1231 0.48
1232 0.24
1233 0.24
1234 0.24
1235 0.24
1236 0.24
1237 0.24
1238 0.24
1239 0.24
1240 0.24
1241 0.24
1242 0.24
1243 0.24
1244 0.48
1245 0.48
1246 0.48
1247 0.48
1248 0.48
1249 0.48
1250 0.48
1251 0.48
1252 0.48
1253 0.48
1254 0.48
1255 0.48
1256 0.24
1257 0.24
1258 0.24
1259 0.24
1260 0.24
1261 0.24
1262 0.24
1263 0.24
1264 0.24
1265 0.24
1266 0.24
1267 0.24
1268 0.48
1269 0.48
1270 0.48
1271 0.48
1272 0.48
1273 0.48
1274 0.48
1275 0.48
1276 0.48
1277 0.48
1278 0.48
1279 0.48
1280 0.24
1281 0.24
1282 0.24
1283 0.24
1284 0.24
1285 0.24
1286 0.24
1287 0.24
1288 0.24
1289 0.24
1290 0.24
1291 0.24
1292 0.48
1293 0.48
1294 0.48
1295 0.48
1296 0.48
1297 0.48
1298 0.48
1299 0.48
1300 0.48
1301 0.48
1302 0.48
1303 0.48
1304 0.24
1305 0.24
1306 0.24
1307 0.24
1308 0.24
1309 0.24
1310 0.24
1311 0.24
1312 0.24
1313 0.24
1314 0.24
1315 0.24
1316 0.48
1317 0.48
1318 0.48
1319 0.48
1320 0.48
1321 0.48
1322 0.48
1323 0.48
1324 0.48
1325 0.48
1326 0.48
1327 0.48
1328 0.24
1329 0.24
1330 0.24
1331 0.24
1332 0.24
1333 0.24
1334 0.24
1335 0.24
1336 0.24
1337 0.24
1338 0.24
1339 0.24
1340 0.48
1341 0.48
1342 0.48
1343 0.48
1344 0.48
1345 0.48
1346 0.48
1347 0.48
1348 0.48
1349 0.48
1350 0.48
1351 0.48
1352 0.24
1353 0.24
1354 0.24
1355 0.24
1356 0.24
1357 0.24
1358 0.24
1359 0.24
1360 0.24
1361 0.24
1362 0.24
1363 0.24
1364 0.48
1365 0.48
1366 0.48
1367 0.48
1368 0.48
1369 0.48
1370 0.48
1371 0.48
1372 0.48
1373 0.48
1374 0.48
1375 0.48
1376 0.24
1377 0.24
1378 0.24
1379 0.24
1380 0.24
1381 0.24
1382 0.24
1383 0.24
1384 0.24
1385 0.24
1386 0.24
1387 0.24
1388 0.48
1389 0.48
1390 0.48
1391 0.48
1392 0.48
1393 0.48
1394 0.48
1395 0.48
1396 0.48
1397 0.48
1398 0.48
1399 0.48
1400 0.24
1401 0.24
1402 0.24
1403 0.24
1404 0.24
1405 0.24
1406 0.24
1407 0.24
1408 0.24
1409 0.24
1410 0.24
1411 0.24
1412 0.48
1413 0.48
1414 0.48
1415 0.48
1416 0.48
1417 0.48
1418 0.48
1419 0.48
1420 0.48
1421 0.48
1422 0.48
1423 0.48
1424 0.24
1425 0.24
1426 0.24
1427 0.24
1428 0.24
1429 0.24
1430 0.24
1431 0.24
1432 0.24
1433 0.24
1434 0.24
1435 0.24
1436 0.48
1437 0.48
1438 0.48
1439 0.48
1440 0.48
1441 0.48
1442 0.48
1443 0.48
1444 0.48
1445 0.48
1446 0.48
1447 0.48
1448 0.24
1449 0.24
1450 0.24
1451 0.24
1452 0.24
1453 0.24
1454 0.24
1455 0.24
1456 0.24
1457 0.24
1458 0.24
1459 0.24
1460 0.48
1461 0.48
1462 0.48
1463 0.48
1464 0.48
1465 0.48
1466 0.48
1467 0.48
1468 0.48
1469 0.48
1470 0.48
1471 0.48
1472 0.24
1473 0.24
1474 0.24
1475 0.24
1476 0.24
1477 0.24
1478 0.24
1479 0.24
1480 0.24
1481 0.24
1482 0.24
1483 0.24
1484 0.48
1485 0.48
1486 0.48
1487 0.48
1488 0.48
1489 0.48
1490 0.48
1491 0.48
1492 0.48
1493 0.48
1494 0.48
1495 0.48
1496 0.24
1497 0.24
1498 0.24
1499 0.24
1500 0.24
1501 0.24
1502 0.24
1503 0.24
1504 0.24
1505 0.24
1506 0.24
1507 0.24
1508 0.48
1509 0.48
1510 0.48
1511 0.48
1512 0.48
1513 0.48
1514 0.48
1515 0.48
1516 0.48
1517 0.48
1518 0.48
1519 0.48
1520 0.24
1521 0.24
1522 0.24
1523 0.24
1524 0.24
1525 0.24
1526 0.24
1527 0.24
1528 0.24
1529 0.24
1530 0.24
1531 0.24
1532 0.48
1533 0.48
1534 0.48
1535 0.48
1536 0.48
1537 0.48
1538 0.48
1539 0.48
1540 0.48
1541 0.48
1542 0.48
1543 0.48
1544 0.24
1545 0.24
1546 0.24
1547 0.24
1548 0.24
1549 0.24
1550 0.24
1551 0.24
1552 0.24
1553 0.24
1554 0.24
1555 0.24
1556 0.48
1557 0.48
1558 0.48
1559 0.48
1560 0.48
1561 0.48
1562 0.48
1563 0.48
1564 0.48
1565 0.48
1566 0.48
1567 0.48
1568 0.24
1569 0.24
1570 0.24
1571 0.24
1572 0.24
1573 0.24
1574 0.24
1575 0.24
1576 0.24
1577 0.24
1578 0.24
1579 0.24
1580 0.48
1581 0.48
1582 0.48
1583 0.48
1584 0.48
1585 0.48
1586 0.48
1587 0.48
1588 0.48
1589 0.48
1590 0.48
1591 0.48
1592 0.24
1593 0.24
1594 0.24
1595 0.24
1596 0.24
1597 0.24
1598 0.24
1599 0.24
1600 0.24
1601 0.24
1602 0.24
1603 0.24
1604 0.48
1605 0.48
1606 0.48
1607 0.48
1608 0.48
1609 0.48
1610 0.48
1611 0.48
1612 0.48
1613 0.48
1614 0.48
1615 0.48
1616 0.24
1617 0.24
1618 0.24
1619 0.24
1620 0.24
1621 0.24
1622 0.24
1623 0.24
1624 0.24
1625 0.24
1626 0.24
1627 0.24
1628 0.48
1629 0.48
1630 0.48
1631 0.48
1632 0.48
1633 0.48
1634 0.48
1635 0.48
1636 0.48
1637 0.48
1638 0.48
1639 0.48
1640 0.24
1641 0.24
1642 0.24
1643 0.24
1644 0.24
1645 0.24
1646 0.24
1647 0.24
1648 0.24
1649 0.24
1650 0.24
1651 0.24
1652 0.48
1653 0.48
1654 0.48
1655 0.48
1656 0.48
1657 0.48
1658 0.48
1659 0.48
1660 0.48
1661 0.48
1662 0.48
1663 0.48
1664 0.24
1665 0.24
1666 0.24
1667 0.24
1668 0.24
1669 0.24
1670 0.24
1671 0.24
1672 0.24
1673 0.24
1674 0.24
1675 0.24
1676 0.48
1677 0.48
1678 0.48
1679 0.48
1680 0.48
1681 0.48
1682 0.48
1683 0.48
1684 0.48
1685 0.48
1686 0.48
1687 0.48
1688 0.24
1689 0.24
1690 0.24
1691 0.24
1692 0.24
1693 0.24
1694 0.24
1695 0.24
1696 0.24
1697 0.24
1698 0.24
1699 0.24
1700 0.48
1701 0.48
1702 0.48
1703 0.48
1704 0.48
1705 0.48
1706 0.48
1707 0.48
1708 0.48
1709 0.48
1710 0.48
1711 0.48
1712 0.24
1713 0.24
1714 0.24
1715 0.24
1716 0.24
1717 0.24
1718 0.24
1719 0.24
1720 0.24
1721 0.24
1722 0.24
1723 0.24
1724 0.48
1725 0.48
1726 0.48
1727 0.48
1728 0.48
1729 0.48
1730 0.48
1731 0.48
1732 0.48
1733 0.48
1734 0.48
1735 0.48
1736 0.24
1737 0.24
1738 0.24
1739 0.24
1740 0.24
1741 0.24
1742 0.24
1743 0.24
1744 0.24
1745 0.24
1746 0.24
1747 0.24
1748 0.48
1749 0.48
1750 0.48
1751 0.48
1752 0.48
1753 0.48
1754 0.48
1755 0.48
1756 0.48
1757 0.48
1758 0.48
1759 0.48
1760 0.24
1761 0.24
1762 0.24
1763 0.24
1764 0.24
1765 0.24
1766 0.24
1767 0.24
1768 0.24
1769 0.24
1770 0.24
1771 0.24
1772 0.48
1773 0.48
1774 0.48
1775 0.48
1776 0.48
1777 0.48
1778 0.48
1779 0.48
1780 0.48
1781 0.48
1782 0.48
1783 0.48
1784 0.24
1785 0.24
1786 0.24
1787 0.24
1788 0.24
1789 0.24
1790 0.24
1791 0.24
1792 0.24
1793 0.24
1794 0.24
1795 0.24
1796 0.48
1797 0.48
1798 0.48
1799 0.48
1800 0.48
1801 0.48
1802 0.48
1803 0.48
1804 0.48
1805 0.48
1806 0.48
1807 0.48
1808 0.24
1809 0.24
1810 0.24
1811 0.24
1812 0.24
1813 0.24
1814 0.24
1815 0.24
1816 0.24
1817 0.24
1818 0.24
1819 0.24
1820 0.48
1821 0.48
1822 0.48
1823 0.48
1824 0.48
1825 0.48
1826 0.48
1827 0.48
1828 0.48
1829 0.48
1830 0.48
1831 0.48
1832 0.24
1833 0.24
1834 0.24
1835 0.24
1836 0.24
1837 0.24
1838 0.24
1839 0.24
1840 0.24
1841 0.24
1842 0.24
1843 0.24
1844 0.48
1845 0.48
1846 0.48
1847 0.48
1848 0.48
1849 0.48
1850 0.48
1851 0.48
1852 0.48
1853 0.48
1854 0.48
1855 0.48
1856 0.24
1857 0.24
1858 0.24
1859 0.24
1860 0.24
1861 0.24
1862 0.24
1863 0.24
1864 0.24
1865 0.24
1866 0.24
1867 0.24
1868 0.48
1869 0.48
1870 0.48
1871 0.48
1872 0.48
1873 0.48
1874 0.48
1875 0.48
1876 0.48
1877 0.48
1878 0.48
1879 0.48
1880 0.24
1881 0.24
1882 0.24
1883 0.24
1884 0.24
1885 0.24
1886 0.24
1887 0.24
1888 0.24
1889 0.24
1890 0.24
1891 0.24
1892 0.48
1893 0.48
1894 0.48
1895 0.48
1896 0.48
1897 0.48
1898 0.48
1899 0.48
1900 0.48
1901 0.48
1902 0.48
1903 0.48
1904 0.24
1905 0.24
1906 0.24
1907 0.24
1908 0.24
1909 0.24
1910 0.24
1911 0.24
1912 0.24
1913 0.24
1914 0.24
1915 0.24
1916 0.48
1917 0.48
1918 0.48
1919 0.48
1920 0.48
1921 0.48
1922 0.48
1923 0.48
1924 0.48
1925 0.48
1926 0.48
1927 0.48
1928 0.24
1929 0.24
1930 0.24
1931 0.24
1932 0.24
1933 0.24
1934 0.24
1935 0.24
1936 0.24
1937 0.24
1938 0.24
1939 0.24
1940 0.48
1941 0.48
1942 0.48
1943 0.48
1944 0.48
1945 0.48
1946 0.48
1947 0.48
1948 0.48
1949 0.48
1950 0.48
1951 0.48
1952 0.24
1953 0.24
1954 0.24
1955 0.24
1956 0.24
1957 0.24
1958 0.24
1959 0.24
1960 0.24
1961 0.24
1962 0.24
1963 0.24
1964 0.48
1965 0.48
1966 0.48
1967 0.48
1968 0.48
1969 0.48
1970 0.48
1971 0.48
1972 0.48
1973 0.48
1974 0.48
1975 0.48
1976 0.24
1977 0.24
1978 0.24
1979 0.24
1980 0.24
1981 0.24
1982 0.24
1983 0.24
1984 0.24
1985 0.24
1986 0.24
1987 0.24
1988 0.48
1989 0.48
1990 0.48
1991 0.48
1992 0.48
1993 0.48
1994 0.48
1995 0.48
1996 0.48
1997 0.48
1998 0.48
1999 0.48
2000 0.24
2001 0.24
2002 0.24
2003 0.24
2004 0.24
2005 0.24
2006 0.24
2007 0.24
2008 0.24
2009 0.24
2010 0.24
2011 0.24
2012 0.48
2013 0.48
2014 0.48
2015 0.48
2016 0.48
2017 0.48
2018 0.48
2019 0.48
2020 0.48
2021 0.48
2022 0.48
2023 0.48
2024 0.24
2025 0.24
2026 0.24
2027 0.24
2028 0.24
2029 0.24
2030 0.24
2031 0.24
2032 0.24
2033 0.24
2034 0.24
2035 0.24
2036 0.48
2037 0.48
2038 0.48
2039 0.48
2040 0.48
2041 0.48
2042 0.48
2043 0.48
2044 0.48
2045 0.48
2046 0.48
2047 0.48
2048 0.24
2049 0.24
2050 0.24
2051 0.24
2052 0.24
2053 0.24
2054 0.24
2055 0.24
2056 0.24
2057 0.24
2058 0.24
2059 0.24
2060 0.48
2061 0.48
2062 0.48
2063 0.48
2064 0.48
2065 0.48
2066 0.48
2067 0.48
2068 0.48
2069 0.48
2070 0.48
2071 0.48
2072 0.24
2073 0.24
2074 0.24
2075 0.24
2076 0.24
2077 0.24
2078 0.24
2079 0.24
2080 0.24
2081 0.24
2082 0.24
2083 0.24
2084 0.48
2085 0.48
2086 0.48
2087 0.48
2088 0.48
2089 0.48
2090 0.48
2091 0.48
2092 0.48
2093 0.48
2094 0.48
2095 0.48
2096 0.24
2097 0.24
2098 0.24
2099 0.24
2100 0.24
2101 0.24
2102 0.24
2103 0.24
2104 0.24
2105 0.24
2106 0.24
2107 0.24
2108 0.48
2109 0.48
2110 0.48
2111 0.48
2112 0.48
2113 0.48
2114 0.48
2115 0.48
2116 0.48
2117 0.48
2118 0.48
2119 0.48
2120 0.24
2121 0.24
2122 0.24
2123 0.24
2124 0.24
2125 0.24
2126 0.24
2127 0.24
2128 0.24
2129 0.24
2130 0.24
2131 0.24
2132 0.48
2133 0.48
2134 0.48
2135 0.48
2136 0.48
2137 0.48
2138 0.48
2139 0.48
2140 0.48
2141 0.48
2142 0.48
2143 0.48
2144 0.24
2145 0.24
2146 0.24
2147 0.24
2148 0.24
2149 0.24
2150 0.24
2151 0.24
2152 0.24
2153 0.24
2154 0.24
2155 0.24
2156 0.48
2157 0.48
2158 0.48
2159 0.48
2160 0.48
2161 0.48
2162 0.48
2163 0.48
2164 0.48
2165 0.48
2166 0.48
2167 0.48
2168 0.24
2169 0.24
2170 0.24
2171 0.24
2172 0.24
2173 0.24
2174 0.24
2175 0.24
2176 0.24
2177 0.24
2178 0.24
2179 0.24
2180 0.48
2181 0.48
2182 0.48
2183 0.48
2184 0.48
2185 0.48
2186 0.48
2187 0.48
2188 0.48
2189 0.48
2190 0.48
2191 0.48
2192 0.24
2193 0.24
2194 0.24
2195 0.24
2196 0.24
2197 0.24
2198 0.24
2199 0.24
2200 0.24
2201 0.24
2202 0.24
2203 0.24
2204 0.48
2205 0.48
2206 0.48
2207 0.48
2208 0.48
2209 0.48
2210 0.48
2211 0.48
2212 0.48
2213 0.48
2214 0.48
2215 0.48
2216 0.24
2217 0.24
2218 0.24
2219 0.24
2220 0.24
2221 0.24
2222 0.24
2223 0.24
2224 0.24
2225 0.24
2226 0.24
2227 0.24
2228 0.48
2229 0.48
2230 0.48
2231 0.48
2232 0.48
2233 0.48
2234 0.48
2235 0.48
2236 0.48
2237 0.48
2238 0.48
2239 0.48
2240 0.24
2241 0.24
2242 0.24
2243 0.24
2244 0.24
2245 0.24
2246 0.24
2247 0.24
2248 0.24
2249 0.24
2250 0.24
2251 0.24
2252 0.48
2253 0.48
2254 0.48
2255 0.48
2256 0.48
2257 0.48
2258 0.48
2259 0.48
2260 0.48
2261 0.48
2262 0.48
2263 0.48
2264 0.24
2265 0.24
2266 0.24
2267 0.24
2268 0.24
2269 0.24
2270 0.24
2271 0.24
2272 0.24
2273 0.24
2274 0.24
2275 0.24
2276 0.48
2277 0.48
2278 0.48
2279 0.48
2280 0.48
2281 0.48
2282 0.48
2283 0.48
2284 0.48
2285 0.48
2286 0.48
2287 0.48
2288 0.24
2289 0.24
2290 0.24
2291 0.24
2292 0.24
2293 0.24
2294 0.24
2295 0.24
2296 0.24
2297 0.24
2298 0.24
2299 0.24
2300 0.48
2301 0.48
2302 0.48
2303 0.48
2304 0.48
2305 0.48
2306 0.48
2307 0.48
2308 0.48
2309 0.48
2310 0.48
2311 0.48
2312 0.24
2313 0.24
2314 0.24
2315 0.24
2316 0.24
2317 0.24
2318 0.24
2319 0.24
2320 0.24
2321 0.24
2322 0.24
2323 0.24
2324 0.48
2325 0.48
2326 0.48
2327 0.48
2328 0.48
2329 0.48
2330 0.48
2331 0.48
2332 0.48
2333 0.48
2334 0.48
2335 0.48
2336 0.24
2337 0.24
2338 0.24
2339 0.24
2340 0.24
2341 0.24
2342 0.24
2343 0.24
2344 0.24
2345 0.24
2346 0.24
2347 0.24
2348 0.48
2349 0.48
2350 0.48
2351 0.48
2352 0.48
2353 0.48
2354 0.48
2355 0.48
2356 0.48
2357 0.48
2358 0.48
2359 0.48
2360 0.24
2361 0.24
2362 0.24
2363 0.24
2364 0.24
2365 0.24
2366 0.24
2367 0.24
2368 0.24
2369 0.24
2370 0.24
2371 0.24
2372 0.48
2373 0.48
2374 0.48
2375 0.48
2376 0.48
2377 0.48
2378 0.48
2379 0.48
2380 0.48
2381 0.48
2382 0.48
2383 0.48
2384 0.24
2385 0.24
2386 0.24
2387 0.24
2388 0.24
2389 0.24
2390 0.24
2391 0.24
2392 0.24
2393 0.24
2394 0.24
2395 0.24
2396 0.48
2397 0.48
2398 0.48
2399 0.48
2400 0.48
2401 0.48
2402 0.48
2403 0.48
2404 0.48
2405 0.48
2406 0.48
2407 0.48
2408 0.24
2409 0.24
2410 0.24
2411 0.24
2412 0.24
2413 0.24
2414 0.24
2415 0.24
2416 0.24
2417 0.24
2418 0.24
2419 0.24
2420 0.48
2421 0.48
2422 0.48
2423 0.48
2424 0.48
2425 0.48
2426 0.48
2427 0.48
2428 0.48
2429 0.48
2430 0.48
2431 0.48
2432 0.24
2433 0.24
2434 0.24
2435 0.24
2436 0.24
2437 0.24
2438 0.24
2439 0.24
2440 0.24
2441 0.24
2442 0.24
2443 0.24
2444 0.48
2445 0.48
2446 0.48
2447 0.48
2448 0.48
2449 0.48
2450 0.48
2451 0.48
2452 0.48
2453 0.48
2454 0.48
2455 0.48
2456 0.24
2457 0.24
2458 0.24
2459 0.24
2460 0.24
2461 0.24
2462 0.24
2463 0.24
2464 0.24
2465 0.24
2466 0.24
2467 0.24
2468 0.48
2469 0.48
2470 0.48
2471 0.48
2472 0.48
2473 0.48
2474 0.48
2475 0.48
2476 0.48
2477 0.48
2478 0.48
2479 0.48
2480 0.24
2481 0.24
2482 0.24
2483 0.24
2484 0.24
2485 0.24
2486 0.24
2487 0.24
2488 0.24
2489 0.24
2490 0.24
2491 0.24
2492 0.48
2493 0.48
2494 0.48
2495 0.48
2496 0.48
2497 0.48
2498 0.48
2499 0.48
2500 0.48
2501 0.48
2502 0.48
2503 0.48
2504 0.24
2505 0.24
2506 0.24
2507 0.24
2508 0.24
2509 0.24
2510 0.24
2511 0.24
2512 0.24
2513 0.24
2514 0.24
2515 0.24
2516 0.48
2517 0.48
2518 0.48
2519 0.48
2520 0.48
2521 0.48
2522 0.48
2523 0.48
2524 0.48
2525 0.48
2526 0.48
2527 0.48
2528 0.24
2529 0.24
2530 0.24
2531 0.24
2532 0.24
2533 0.24
2534 0.24
2535 0.24
2536 0.24
2537 0.24
2538 0.24
2539 0.24
2540 0.48
2541 0.48
2542 0.48
2543 0.48
2544 0.48
2545 0.48
2546 0.48
2547 0.48
2548 0.48
2549 0.48
2550 0.48
2551 0.48
2552 0.24
2553 0.24
2554 0.24
2555 0.24
2556 0.24
2557 0.24
2558 0.24
2559 0.24
2560 0.24
2561 0.24
2562 0.24
2563 0.24
2564 0.48
2565 0.48
2566 0.48
2567 0.48
2568 0.48
2569 0.48
2570 0.48
2571 0.48
2572 0.48
2573 0.48
2574 0.48
2575 0.48
2576 0.24
2577 0.24
2578 0.24
2579 0.24
2580 0.24
2581 0.24
2582 0.24
2583 0.24
2584 0.24
2585 0.24
2586 0.24
2587 0.24
2588 0.48
2589 0.48
2590 0.48
2591 0.48
2592 0.48
2593 0.48
2594 0.48
2595 0.48
2596 0.48
2597 0.48
2598 0.48
2599 0.48
2600 0.24
2601 0.24
2602 0.24
2603 0.24
2604 0.24
2605 0.24
2606 0.24
2607 0.24
2608 0.24
2609 0.24
2610 0.24
2611 0.24
2612 0.48
2613 0.48
2614 0.48
2615 0.48
2616 0.48
2617 0.48
2618 0.48
2619 0.48
2620 0.48
2621 0.48
2622 0.48
2623 0.48
2624 0.24
2625 0.24
2626 0.24
2627 0.24
2628 0.24
2629 0.24
2630 0.24
2631 0.24
2632 0.24
2633 0.24
2634 0.24
2635 0.24
2636 0.48
2637 0.48
2638 0.48
2639 0.48
2640 0.48
2641 0.48
2642 0.48
2643 0.48
2644 0.48
2645 0.48
2646 0.48
2647 0.48
2648 0.24
2649 0.24
2650 0.24
2651 0.24
2652 0.24
2653 0.24
2654 0.24
2655 0.24
2656 0.24
2657 0.24
2658 0.24
2659 0.24
2660 0.48
2661 0.48
2662 0.48
2663 0.48
2664 0.48
2665 0.48
2666 0.48
2667 0.48
2668 0.48
2669 0.48
2670 0.48
2671 0.48
2672 0.24
2673 0.24
2674 0.24
2675 0.24
2676 0.24
2677 0.24
2678 0.24
2679 0.24
2680 0.24
2681 0.24
2682 0.24
2683 0.24
2684 0.48
2685 0.48
2686 0.48
2687 0.48
2688 0.48
2689 0.48
2690 0.48
2691 0.48
2692 0.48
2693 0.48
2694 0.48
2695 0.48
2696 0.24
2697 0.24
2698 0.24
2699 0.24
2700 0.24
2701 0.24
2702 0.24
2703 0.24
2704 0.24
2705 0.24
2706 0.24
2707 0.24
2708 0.48
2709 0.48
2710 0.48
2711 0.48
2712 0.48
2713 0.48
2714 0.48
2715 0.48
2716 0.48
2717 0.48
2718 0.48
2719 0.48
2720 0.24
2721 0.24
2722 0.24
2723 0.24
2724 0.24
2725 0.24
2726 0.24
2727 0.24
2728 0.24
2729 0.24
2730 0.24
2731 0.24
2732 0.48
2733 0.48
2734 0.48
2735 0.48
2736 0.48
2737 0.48
2738 0.48
2739 0.48
2740 0.48
2741 0.48
2742 0.48
2743 0.48
2744 0.24
2745 0.24
2746 0.24
2747 0.24
2748 0.24
2749 0.24
2750 0.24
2751 0.24
2752 0.24
2753 0.24
2754 0.24
2755 0.24
2756 0.48
2757 0.48
2758 0.48
2759 0.48
2760 0.48
2761 0.48
2762 0.48
2763 0.48
2764 0.48
2765 0.48
2766 0.48
2767 0.48
2768 0.24
2769 0.24
2770 0.24
2771 0.24
2772 0.24
2773 0.24
2774 0.24
2775 0.24
2776 0.24
2777 0.24
2778 0.24
2779 0.24
2780 0.48
2781 0.48
2782 0.48
2783 0.48
2784 0.48
2785 0.48
2786 0.48
2787 0.48
2788 0.48
2789 0.48
2790 0.48
2791 0.48
2792 0.24
2793 0.24
2794 0.24
2795 0.24
2796 0.24
2797 0.24
2798 0.24
2799 0.24
2800 0.24
2801 0.24
2802 0.24
2803 0.24
2804 0.48
2805 0.48
2806 0.48
2807 0.48
2808 0.48
2809 0.48
2810 0.48
2811 0.48
2812 0.48
2813 0.48
2814 0.48
2815 0.48
2816 0.24
2817 0.24
2818 0.24
2819 0.24
2820 0.24
2821 0.24
2822 0.24
2823 0.24
2824 0.24
2825 0.24
2826 0.24
2827 0.24
2828 0.48
2829 0.48
2830 0.48
2831 0.48
2832 0.48
2833 0.48
2834 0.48
2835 0.48
2836 0.48
2837 0.48
2838 0.48
2839 0.48
2840 0.24
2841 0.24
2842 0.24
2843 0.24
2844 0.24
2845 0.24
2846 0.24
2847 0.24
2848 0.24
2849 0.24
2850 0.24
2851 0.24
2852 0.48
2853 0.48
2854 0.48
2855 0.48
2856 0.48
2857 0.48
2858 0.48
2859 0.48
2860 0.48
2861 0.48
2862 0.48
2863 0.48
2864 0.24
2865 0.24
2866 0.24
2867 0.24
2868 0.24
2869 0.24
2870 0.24
2871 0.24
2872 0.24
2873 0.24
2874 0.24
2875 0.24
2876 0.48
2877 0.48
2878 0.48
2879 0.48
2880 0.48
2881 0.48
2882 0.48
2883 0.48
2884 0.48
2885 0.48
2886 0.48
2887 0.48
2888 0.24
2889 0.24
2890 0.24
2891 0.24
2892 0.24
2893 0.24
2894 0.24
2895 0.24
2896 0.24
2897 0.24
2898 0.24
2899 0.24
2900 0.48
2901 0.48
2902 0.48
2903 0.48
2904 0.48
2905 0.48
2906 0.48
2907 0.48
2908 0.48
2909 0.48
2910 0.48
2911 0.48
2912 0.24
2913 0.24
2914 0.24
2915 0.24
2916 0.24
2917 0.24
2918 0.24
2919 0.24
2920 0.24
2921 0.24
2922 0.24
2923 0.24
2924 0.48
2925 0.48
2926 0.48
2927 0.48
2928 0.48
2929 0.48
2930 0.48
2931 0.48
2932 0.48
2933 0.48
2934 0.48
2935 0.48
2936 0.24
2937 0.24
2938 0.24
2939 0.24
2940 0.24
2941 0.24
2942 0.24
2943 0.24
2944 0.24
2945 0.24
2946 0.24
2947 0.24
2948 0.48
2949 0.48
2950 0.48
2951 0.48
2952 0.48
2953 0.48
2954 0.48
2955 0.48
2956 0.48
2957 0.48
2958 0.48
2959 0.48
2960 0.24
2961 0.24
2962 0.24
2963 0.24
2964 0.24
2965 0.24
2966 0.24
2967 0.24
2968 0.24
2969 0.24
2970 0.24
2971 0.24
2972 0.48
2973 0.48
2974 0.48
2975 0.48
2976 0.48
2977 0.48
2978 0.48
2979 0.48
2980 0.48
2981 0.48
2982 0.48
2983 0.48
2984 0.24
2985 0.24
2986 0.24
2987 0.24
2988 0.24
2989 0.24
2990 0.24
2991 0.24
2992 0.24
2993 0.24
2994 0.24
2995 0.24
2996 0.48
2997 0.48
2998 0.48
2999 0.48
3000 0.48
3001 0.48
3002 0.48
3003 0.48
3004 0.48
3005 0.48
3006 0.48
3007 0.48
3008 0.24
3009 0.24
3010 0.24
3011 0.24
3012 0.24
3013 0.24
3014 0.24
3015 0.24
3016 0.24
3017 0.24
3018 0.24
3019 0.24
3020 0.48
3021 0.48
3022 0.48
3023 0.48
3024 0.48
3025 0.48
3026 0.48
3027 0.48
3028 0.48
3029 0.48
3030 0.48
3031 0.48
3032 0.24
3033 0.24
3034 0.24
3035 0.24
3036 0.24
3037 0.24
3038 0.24
3039 0.24
3040 0.24
3041 0.24
3042 0.24
3043 0.24
3044 0.48
3045 0.48
3046 0.48
3047 0.48
3048 0.48
3049 0.48
3050 0.48
3051 0.48
3052 0.48
3053 0.48
3054 0.48
3055 0.48
3056 0.24
3057 0.24
3058 0.24
3059 0.24
3060 0.24
3061 0.24
3062 0.24
3063 0.24
3064 0.24
3065 0.24
3066 0.24
3067 0.24
3068 0.48
3069 0.48
3070 0.48
3071 0.48
3072 0.48
3073 0.48
3074 0.48
3075 0.48
3076 0.48
3077 0.48
3078 0.48
3079 0.48
3080 0.24
3081 0.24
3082 0.24
3083 0.24
3084 0.24
3085 0.24
3086 0.24
3087 0.24
3088 0.24
3089 0.24
3090 0.24
3091 0.24
3092 0.48
3093 0.48
3094 0.48
3095 0.48
3096 0.48
3097 0.48
3098 0.48
3099 0.48
3100 0.48
3101 0.48
3102 0.48
3103 0.48
3104 0.24
3105 0.24
3106 0.24
3107 0.24
3108 0.24
3109 0.24
3110 0.24
3111 0.24
3112 0.24
3113 0.24
3114 0.24
3115 0.24
3116 0.48
3117 0.48
3118 0.48
3119 0.48
3120 0.48
3121 0.48
3122 0.48
3123 0.48
3124 0.48
3125 0.48
3126 0.48
3127 0.48
3128 0.24
3129 0.24
3130 0.24
3131 0.24
3132 0.24
3133 0.24
3134 0.24
3135 0.24
3136 0.24
3137 0.24
3138 0.24
3139 0.24
3140 0.48
3141 0.48
3142 0.48
3143 0.48
3144 0.48
3145 0.48
3146 0.48
3147 0.48
3148 0.48
3149 0.48
3150 0.48
3151 0.48
3152 0.24
3153 0.24
3154 0.24
3155 0.24
3156 0.24
3157 0.24
3158 0.24
3159 0.24
3160 0.24
3161 0.24
3162 0.24
3163 0.24
3164 0.48
3165 0.48
3166 0.48
3167 0.48
3168 0.48
3169 0.48
3170 0.48
3171 0.48
3172 0.48
3173 0.48
3174 0.48
3175 0.48
3176 0.24
3177 0.24
3178 0.24
3179 0.24
3180 0.24
3181 0.24
3182 0.24
3183 0.24
3184 0.24
3185 0.24
3186 0.24
3187 0.24
3188 0.48
3189 0.48
3190 0.48
3191 0.48
3192 0.48
3193 0.48
3194 0.48
3195 0.48
3196 0.48
3197 0.48
3198 0.48
3199 0.48
3200 0.24
3201 0.24
3202 0.24
3203 0.24
3204 0.24
3205 0.24
3206 0.24
3207 0.24
3208 0.24
3209 0.24
3210 0.24
3211 0.24
3212 0.48
3213 0.48
3214 0.48
3215 0.48
3216 0.48
3217 0.48
3218 0.48
3219 0.48
3220 0.48
3221 0.48
3222 0.48
3223 0.48
3224 0.24
3225 0.24
3226 0.24
3227 0.24
3228 0.24
3229 0.24
3230 0.24
3231 0.24
3232 0.24
3233 0.24
3234 0.24
3235 0.24
3236 0.48
3237 0.48
3238 0.48
3239 0.48
3240 0.48
3241 0.48
3242 0.48
3243 0.48
3244 0.48
3245 0.48
3246 0.48
3247 0.48
3248 0.24
3249 0.24
3250 0.24
3251 0.24
3252 0.24
3253 0.24
3254 0.24
3255 0.24
3256 0.24
3257 0.24
3258 0.24
3259 0.24
3260 0.48
3261 0.48
3262 0.48
3263 0.48
3264 0.48
3265 0.48
3266 0.48
3267 0.48
3268 0.48
3269 0.48
3270 0.48
3271 0.48
3272 0.24
3273 0.24
3274 0.24
3275 0.24
3276 0.24
3277 0.24
3278 0.24
3279 0.24
3280 0.24
3281 0.24
3282 0.24
3283 0.24
3284 0.48
3285 0.48
3286 0.48
3287 0.48
3288 0.48
3289 0.48
3290 0.48
3291 0.48
3292 0.48
3293 0.48
3294 0.48
3295 0.48
3296 0.24
3297 0.24
3298 0.24
3299 0.24
3300 0.24
3301 0.24
3302 0.24
3303 0.24
3304 0.24
3305 0.24
3306 0.24
3307 0.24
3308 0.48
3309 0.48
3310 0.48
3311 0.48
3312 0.48
3313 0.48
3314 0.48
3315 0.48
3316 0.48
3317 0.48
3318 0.48
3319 0.48
3320 0.24
3321 0.24
3322 0.24
3323 0.24
3324 0.24
3325 0.24
3326 0.24
3327 0.24
3328 0.24
3329 0.24
3330 0.24
3331 0.24
3332 0.48
3333 0.48
3334 0.48
3335 0.48
3336 0.48
3337 0.48
3338 0.48
3339 0.48
3340 0.48
3341 0.48
3342 0.48
3343 0.48
3344 0.24
3345 0.24
3346 0.24
3347 0.24
3348 0.24
3349 0.24
3350 0.24
3351 0.24
3352 0.24
3353 0.24
3354 0.24
3355 0.24
3356 0.48
3357 0.48
3358 0.48
3359 0.48
3360 0.48
3361 0.48
3362 0.48
3363 0.48
3364 0.48
3365 0.48
3366 0.48
3367 0.48
3368 0.24
3369 0.24
3370 0.24
3371 0.24
3372 0.24
3373 0.24
3374 0.24
3375 0.24
3376 0.24
3377 0.24
3378 0.24
3379 0.24
3380 0.48
3381 0.48
3382 0.48
3383 0.48
3384 0.48
3385 0.48
3386 0.48
3387 0.48
3388 0.48
3389 0.48
3390 0.48
3391 0.48
3392 0.24
3393 0.24
3394 0.24
3395 0.24
3396 0.24
3397 0.24
3398 0.24
3399 0.24
3400 0.24
3401 0.24
3402 0.24
3403 0.24
3404 0.48
3405 0.48
3406 0.48
3407 0.48
3408 0.48
3409 0.48
3410 0.48
3411 0.48
3412 0.48
3413 0.48
3414 0.48
3415 0.48
3416 0.24
3417 0.24
3418 0.24
3419 0.24
3420 0.24
3421 0.24
3422 0.24
3423 0.24
3424 0.24
3425 0.24
3426 0.24
3427 0.24
3428 0.48
3429 0.48
3430 0.48
3431 0.48
3432 0.48
3433 0.48
3434 0.48
3435 0.48
3436 0.48
3437 0.48
3438 0.48
3439 0.48
3440 0.24
3441 0.24
3442 0.24
3443 0.24
3444 0.24
3445 0.24
3446 0.24
3447 0.24
3448 0.24
3449 0.24
3450 0.24
3451 0.24
3452 0.48
3453 0.48
3454 0.48
3455 0.48
3456 0.48
3457 0.48
3458 0.48
3459 0.48
3460 0.48
3461 0.48
3462 0.48
3463 0.48
3464 0.24
3465 0.24
3466 0.24
3467 0.24
3468 0.24
3469 0.24
3470 0.24
3471 0.24
3472 0.24
3473 0.24
3474 0.24
3475 0.24
3476 0.48
3477 0.48
3478 0.48
3479 0.48
3480 0.48
3481 0.48
3482 0.48
3483 0.48
3484 0.48
3485 0.48
3486 0.48
3487 0.48
3488 0.24
3489 0.24
3490 0.24
3491 0.24
3492 0.24
3493 0.24
3494 0.24
3495 0.24
3496 0.24
3497 0.24
3498 0.24
3499 0.24
3500 0.48
3501 0.48
3502 0.48
3503 0.48
3504 0.48
3505 0.48
3506 0.48
3507 0.48
3508 0.48
3509 0.48
3510 0.48
3511 0.48
3512 0.24
3513 0.24
3514 0.24
3515 0.24
3516 0.24
3517 0.24
3518 0.24
3519 0.24
3520 0.24
3521 0.24
3522 0.24
3523 0.24
3524 0.48
3525 0.48
3526 0.48
3527 0.48
3528 0.48
3529 0.48
3530 0.48
3531 0.48
3532 0.48
3533 0.48
3534 0.48
3535 0.48
3536 0.24
3537 0.24
3538 0.24
3539 0.24
3540 0.24
3541 0.24
3542 0.24
3543 0.24
3544 0.24
3545 0.24
3546 0.24
3547 0.24
3548 0.48
3549 0.48
3550 0.48
3551 0.48
3552 0.48
3553 0.48
3554 0.48
3555 0.48
3556 0.48
3557 0.48
3558 0.48
3559 0.48
3560 0.24
3561 0.24
3562 0.24
3563 0.24
3564 0.24
3565 0.24
3566 0.24
3567 0.24
3568 0.24
3569 0.24
3570 0.24
3571 0.24
3572 0.48
3573 0.48
3574 0.48
3575 0.48
3576 0.48
3577 0.48
3578 0.48
3579 0.48
3580 0.48
3581 0.48
3582 0.48
3583 0.48
3584 0.24
3585 0.24
3586 0.24
3587 0.24
3588 0.24
3589 0.24
3590 0.24
3591 0.24
3592 0.24
3593 0.24
3594 0.24
3595 0.24
3596 0.48
3597 0.48
3598 0.48
3599 0.48
3600 0.48
3601 0.48
3602 0.48
3603 0.48
3604 0.48
3605 0.48
3606 0.48
3607 0.48
3608 0.24
3609 0.24
3610 0.24
3611 0.24
3612 0.24
3613 0.24
3614 0.24
3615 0.24
3616 0.24
3617 0.24
3618 0.24
3619 0.24
3620 0.48
3621 0.48
3622 0.48
3623 0.48
3624 0.48
3625 0.48
3626 0.48
3627 0.48
3628 0.48
3629 0.48
3630 0.48
3631 0.48
3632 0.24
3633 0.24
3634 0.24
3635 0.24
3636 0.24
3637 0.24
3638 0.24
3639 0.24
3640 0.24
3641 0.24
3642 0.24
3643 0.24
3644 0.48
3645 0.48
3646 0.48
3647 0.48
3648 0.48
3649 0.48
3650 0.48
3651 0.48
3652 0.48
3653 0.48
3654 0.48
3655 0.48
3656 0.24
3657 0.24
3658 0.24
3659 0.24
3660 0.24
3661 0.24
3662 0.24
3663 0.24
3664 0.24
3665 0.24
3666 0.24
3667 0.24
3668 0.48
3669 0.48
3670 0.48
3671 0.48
3672 0.48
3673 0.48
3674 0.48
3675 0.48
3676 0.48
3677 0.48
3678 0.48
3679 0.48
3680 0.24
3681 0.24
3682 0.24
3683 0.24
3684 0.24
3685 0.24
3686 0.24
3687 0.24
3688 0.24
3689 0.24
3690 0.24
3691 0.24
3692 0.48
3693 0.48
3694 0.48
3695 0.48
3696 0.48
3697 0.48
3698 0.48
3699 0.48
3700 0.48
3701 0.48
3702 0.48
3703 0.48
3704 0.24
3705 0.24
3706 0.24
3707 0.24
3708 0.24
3709 0.24
3710 0.24
3711 0.24
3712 0.24
3713 0.24
3714 0.24
3715 0.24
3716 0.48
3717 0.48
3718 0.48
3719 0.48
3720 0.48
3721 0.48
3722 0.48
3723 0.48
3724 0.48
3725 0.48
3726 0.48
3727 0.48
3728 0.24
3729 0.24
3730 0.24
3731 0.24
3732 0.24
3733 0.24
3734 0.24
3735 0.24
3736 0.24
3737 0.24
3738 0.24
3739 0.24
3740 0.48
3741 0.48
3742 0.48
3743 0.48
3744 0.48
3745 0.48
3746 0.48
3747 0.48
3748 0.48
3749 0.48
3750 0.48
3751 0.48
3752 0.24
3753 0.24
3754 0.24
3755 0.24
3756 0.24
3757 0.24
3758 0.24
3759 0.24
3760 0.24
3761 0.24
3762 0.24
3763 0.24
3764 0.48
3765 0.48
3766 0.48
3767 0.48
3768 0.48
3769 0.48
3770 0.48
3771 0.48
3772 0.48
3773 0.48
3774 0.48
3775 0.48
3776 0.24
3777 0.24
3778 0.24
3779 0.24
3780 0.24
3781 0.24
3782 0.24
3783 0.24
3784 0.24
3785 0.24
3786 0.24
3787 0.24
3788 0.48
3789 0.48
3790 0.48
3791 0.48
3792 0.48
3793 0.48
3794 0.48
3795 0.48
3796 0.48
3797 0.48
3798 0.48
3799 0.48
3800 0.24
3801 0.24
3802 0.24
3803 0.24
3804 0.24
3805 0.24
3806 0.24
3807 0.24
3808 0.24
3809 0.24
3810 0.24
3811 0.24
3812 0.48
3813 0.48
3814 0.48
3815 0.48
3816 0.48
3817 0.48
3818 0.48
3819 0.48
3820 0.48
3821 0.48
3822 0.48
3823 0.48
3824 0.24
3825 0.24
3826 0.24
3827 0.24
3828 0.24
3829 0.24
3830 0.24
3831 0.24
3832 0.24
3833 0.24
3834 0.24
3835 0.24
3836 0.48
3837 0.48
3838 0.48
3839 0.48
3840 0.48
3841 0.48
3842 0.48
3843 0.48
3844 0.48
3845 0.48
3846 0.48
3847 0.48
3848 0.24
3849 0.24
3850 0.24
3851 0.24
3852 0.24
3853 0.24
3854 0.24
3855 0.24
3856 0.24
3857 0.24
3858 0.24
3859 0.24
3860 0.48
3861 0.48
3862 0.48
3863 0.48
3864 0.48
3865 0.48
3866 0.48
3867 0.48
3868 0.48
3869 0.48
3870 0.48
3871 0.48
3872 0.24
3873 0.24
3874 0.24
3875 0.24
3876 0.24
3877 0.24
3878 0.24
3879 0.24
3880 0.24
3881 0.24
3882 0.24
3883 0.24
3884 0.48
3885 0.48
3886 0.48
3887 0.48
3888 0.48
3889 0.48
3890 0.48
3891 0.48
3892 0.48
3893 0.48
3894 0.48
3895 0.48
3896 0.24
3897 0.24
3898 0.24
3899 0.24
3900 0.24
3901 0.24
3902 0.24
3903 0.24
3904 0.24
3905 0.24
3906 0.24
3907 0.24
3908 0.48
3909 0.48
3910 0.48
3911 0.48
3912 0.48
3913 0.48
3914 0.48
3915 0.48
3916 0.48
3917 0.48
3918 0.48
3919 0.48
3920 0.24
3921 0.24
3922 0.24
3923 0.24
3924 0.24
3925 0.24
3926 0.24
3927 0.24
3928 0.24
3929 0.24
3930 0.24
3931 0.24
3932 0.48
3933 0.48
3934 0.48
3935 0.48
3936 0.48
3937 0.48
3938 0.48
3939 0.48
3940 0.48
3941 0.48
3942 0.48
3943 0.48
3944 0.24
3945 0.24
3946 0.24
3947 0.24
3948 0.24
3949 0.24
3950 0.24
3951 0.24
3952 0.24
3953 0.24
3954 0.24
3955 0.24
3956 0.48
3957 0.48
3958 0.48
3959 0.48
3960 0.48
3961 0.48
3962 0.48
3963 0.48
3964 0.48
3965 0.48
3966 0.48
3967 0.48
3968 0.24
3969 0.24
3970 0.24
3971 0.24
3972 0.24
3973 0.24
3974 0.24
3975 0.24
3976 0.24
3977 0.24
3978 0.24
3979 0.24
3980 0.48
3981 0.48
3982 0.48
3983 0.48
3984 0.48
3985 0.48
3986 0.48
3987 0.48
3988 0.48
3989 0.48
3990 0.48
3991 0.48
3992 0.24
3993 0.24
3994 0.24
3995 0.24
3996 0.24
3997 0.24
3998 0.24
3999 0.24
4000 0.24
4001 0.24
4002 0.24
4003 0.24
4004 0.48
4005 0.48
4006 0.48
4007 0.48
4008 0.48
4009 0.48
4010 0.48
4011 0.48
4012 0.48
4013 0.48
4014 0.48
4015 0.48
4016 0.24
4017 0.24
4018 0.24
4019 0.24
4020 0.24
4021 0.24
4022 0.24
4023 0.24
4024 0.24
4025 0.24
4026 0.24
4027 0.24
4028 0.48
4029 0.48
4030 0.48
4031 0.48
4032 0.48
4033 0.48
4034 0.48
4035 0.48
4036 0.48
4037 0.48
4038 0.48
4039 0.48
4040 0.24
4041 0.24
4042 0.24
4043 0.24
4044 0.24
4045 0.24
4046 0.24
4047 0.24
4048 0.24
4049 0.24
4050 0.24
4051 0.24
4052 0.48
4053 0.48
4054 0.48
4055 0.48
4056 0.48
4057 0.48
4058 0.48
4059 0.48
4060 0.48
4061 0.48
4062 0.48
4063 0.48
4064 0.24
4065 0.24
4066 0.24
4067 0.24
4068 0.24
4069 0.24
4070 0.24
4071 0.24
4072 0.24
4073 0.24
4074 0.24
4075 0.24
4076 0.48
4077 0.48
4078 0.48
4079 0.48
4080 0.48
4081 0.48
4082 0.48
4083 0.48
4084 0.48
4085 0.48
4086 0.48
4087 0.48
4088 0.24
4089 0.24
4090 0.24
4091 0.24
4092 0.24
4093 0.24
4094 0.24
4095 0.24
4096 0.24
4097 0.24
4098 0.24
4099 0.24
4100 0.48
4101 0.48
4102 0.48
4103 0.48
4104 0.48
4105 0.48
4106 0.48
4107 0.48
4108 0.48
4109 0.48
4110 0.48
4111 0.48
4112 0.24
4113 0.24
4114 0.24
4115 0.24
4116 0.24
4117 0.24
4118 0.24
4119 0.24
4120 0.24
4121 0.24
4122 0.24
4123 0.24
4124 0.48
4125 0.48
4126 0.48
4127 0.48
4128 0.48
4129 0.48
4130 0.48
4131 0.48
4132 0.48
4133 0.48
4134 0.48
4135 0.48
4136 0.24
4137 0.24
4138 0.24
4139 0.24
4140 0.24
4141 0.24
4142 0.24
4143 0.24
4144 0.24
4145 0.24
4146 0.24
4147 0.24
4148 0.48
4149 0.48
4150 0.48
4151 0.48
4152 0.48
4153 0.48
4154 0.48
4155 0.48
4156 0.48
4157 0.48
4158 0.48
4159 0.48
4160 0.24
4161 0.24
4162 0.24
4163 0.24
4164 0.24
4165 0.24
4166 0.24
4167 0.24
4168 0.24
4169 0.24
4170 0.24
4171 0.24
4172 0.48
4173 0.48
4174 0.48
4175 0.48
4176 0.48
4177 0.48
4178 0.48
4179 0.48
4180 0.48
4181 0.48
4182 0.48
4183 0.48
4184 0.24
4185 0.24
4186 0.24
4187 0.24
4188 0.24
4189 0.24
4190 0.24
4191 0.24
4192 0.24
4193 0.24
4194 0.24
4195 0.24
4196 0.48
4197 0.48
4198 0.48
4199 0.48
4200 0.48
4201 0.48
4202 0.48
4203 0.48
4204 0.48
4205 0.48
4206 0.48
4207 0.48
4208 0.24
4209 0.24
4210 0.24
4211 0.24
4212 0.24
4213 0.24
4214 0.24
4215 0.24
4216 0.24
4217 0.24
4218 0.24
4219 0.24
4220 0.48
4221 0.48
4222 0.48
4223 0.48
4224 0.48
4225 0.48
4226 0.48
4227 0.48
4228 0.48
4229 0.48
4230 0.48
4231 0.48
4232 0.24
4233 0.24
4234 0.24
4235 0.24
4236 0.24
4237 0.24
4238 0.24
4239 0.24
4240 0.24
4241 0.24
4242 0.24
4243 0.24
4244 0.48
4245 0.48
4246 0.48
4247 0.48
4248 0.48
4249 0.48
4250 0.48
4251 0.48
4252 0.48
4253 0.48
4254 0.48
4255 0.48
4256 0.24
4257 0.24
4258 0.24
4259 0.24
4260 0.24
4261 0.24
4262 0.24
4263 0.24
4264 0.24
4265 0.24
4266 0.24
4267 0.24
4268 0.48
4269 0.48
4270 0.48
4271 0.48
4272 0.48
4273 0.48
4274 0.48
4275 0.48
4276 0.48
4277 0.48
4278 0.48
4279 0.48
4280 0.24
4281 0.24
4282 0.24
4283 0.24
4284 0.24
4285 0.24
4286 0.24
4287 0.24
4288 0.24
4289 0.24
4290 0.24
4291 0.24
4292 0.48
4293 0.48
4294 0.48
4295 0.48
4296 0.48
4297 0.48
4298 0.48
4299 0.48
4300 0.48
4301 0.48
4302 0.48
4303 0.48
4304 0.24
4305 0.24
4306 0.24
4307 0.24
4308 0.24
4309 0.24
4310 0.24
4311 0.24
4312 0.24
4313 0.24
4314 0.24
4315 0.24
4316 0.48
4317 0.48
4318 0.48
4319 0.48
4320 0.48
4321 0.48
4322 0.48
4323 0.48
4324 0.48
4325 0.48
4326 0.48
4327 0.48
4328 0.24
4329 0.24
4330 0.24
4331 0.24
4332 0.24
4333 0.24
4334 0.24
4335 0.24
4336 0.24
4337 0.24
4338 0.24
4339 0.24
4340 0.48
4341 0.48
4342 0.48
4343 0.48
4344 0.48
4345 0.48
4346 0.48
4347 0.48
4348 0.48
4349 0.48
4350 0.48
4351 0.48
4352 0.24
4353 0.24
4354 0.24
4355 0.24
4356 0.24
4357 0.24
4358 0.24
4359 0.24
4360 0.24
4361 0.24
4362 0.24
4363 0.24
4364 0.48
4365 0.48
4366 0.48
4367 0.48
4368 0.48
4369 0.48
4370 0.48
4371 0.48
4372 0.48
4373 0.48
4374 0.48
4375 0.48
4376 0.24
4377 0.24
4378 0.24
4379 0.24
4380 0.24
4381 0.24
4382 0.24
4383 0.24
4384 0.24
4385 0.24
4386 0.24
4387 0.24
4388 0.48
4389 0.48
4390 0.48
4391 0.48
4392 0.48
4393 0.48
4394 0.48
4395 0.48
4396 0.48
4397 0.48
4398 0.48
4399 0.48
4400 0.24
4401 0.24
4402 0.24
4403 0.24
4404 0.24
4405 0.24
4406 0.24
4407 0.24
4408 0.24
4409 0.24
4410 0.24
4411 0.24
4412 0.48
4413 0.48
4414 0.48
4415 0.48
4416 0.48
4417 0.48
4418 0.48
4419 0.48
4420 0.48
4421 0.48
4422 0.48
4423 0.48
4424 0.24
4425 0.24
4426 0.24
4427 0.24
4428 0.24
4429 0.24
4430 0.24
4431 0.24
4432 0.24
4433 0.24
4434 0.24
4435 0.24
4436 0.48
4437 0.48
4438 0.48
4439 0.48
4440 0.48
4441 0.48
4442 0.48
4443 0.48
4444 0.48
4445 0.48
4446 0.48
4447 0.48
4448 0.24
4449 0.24
4450 0.24
4451 0.24
4452 0.24
4453 0.24
4454 0.24
4455 0.24
4456 0.24
4457 0.24
4458 0.24
4459 0.24
4460 0.48
4461 0.48
4462 0.48
4463 0.48
4464 0.48
4465 0.48
4466 0.48
4467 0.48
4468 0.48
4469 0.48
4470 0.48
4471 0.48
4472 0.24
4473 0.24
4474 0.24
4475 0.24
4476 0.24
4477 0.24
4478 0.24
4479 0.24
4480 0.24
4481 0.24
4482 0.24
4483 0.24
4484 0.48
4485 0.48
4486 0.48
4487 0.48
4488 0.48
4489 0.48
4490 0.48
4491 0.48
4492 0.48
4493 0.48
4494 0.48
4495 0.48
4496 0.24
4497 0.24
4498 0.24
4499 0.24
4500 0.24
4501 0.24
4502 0.24
4503 0.24
4504 0.24
4505 0.24
4506 0.24
4507 0.24
4508 0.48
4509 0.48
4510 0.48
4511 0.48
4512 0.48
4513 0.48
4514 0.48
4515 0.48
4516 0.48
4517 0.48
4518 0.48
4519 0.48
4520 0.24
4521 0.24
4522 0.24
4523 0.24
4524 0.24
4525 0.24
4526 0.24
4527 0.24
4528 0.24
4529 0.24
4530 0.24
4531 0.24
4532 0.48
4533 0.48
4534 0.48
4535 0.48
4536 0.48
4537 0.48
4538 0.48
4539 0.48
4540 0.48
4541 0.48
4542 0.48
4543 0.48
4544 0.24
4545 0.24
4546 0.24
4547 0.24
4548 0.24
4549 0.24
4550 0.24
4551 0.24
4552 0.24
4553 0.24
4554 0.24
4555 0.24
4556 0.48
4557 0.48
4558 0.48
4559 0.48
4560 0.48
4561 0.48
4562 0.48
4563 0.48
4564 0.48
4565 0.48
4566 0.48
4567 0.48
4568 0.24
4569 0.24
4570 0.24
4571 0.24
4572 0.24
4573 0.24
4574 0.24
4575 0.24
4576 0.24
4577 0.24
4578 0.24
4579 0.24
4580 0.48
4581 0.48
4582 0.48
4583 0.48
4584 0.48
4585 0.48
4586 0.48
4587 0.48
4588 0.48
4589 0.48
4590 0.48
4591 0.48
4592 0.24
4593 0.24
4594 0.24
4595 0.24
4596 0.24
4597 0.24
4598 0.24
4599 0.24
4600 0.24
4601 0.24
4602 0.24
4603 0.24
4604 0.48
4605 0.48
4606 0.48
4607 0.48
4608 0.48
4609 0.48
4610 0.48
4611 0.48
4612 0.48
4613 0.48
4614 0.48
4615 0.48
4616 0.24
4617 0.24
4618 0.24
4619 0.24
4620 0.24
4621 0.24
4622 0.24
4623 0.24
4624 0.24
4625 0.24
4626 0.24
4627 0.24
4628 0.48
4629 0.48
4630 0.48
4631 0.48
4632 0.48
4633 0.48
4634 0.48
4635 0.48
4636 0.48
4637 0.48
4638 0.48
4639 0.48
4640 0.24
4641 0.24
4642 0.24
4643 0.24
4644 0.24
4645 0.24
4646 0.24
4647 0.24
4648 0.24
4649 0.24
4650 0.24
4651 0.24
4652 0.48
4653 0.48
4654 0.48
4655 0.48
4656 0.48
4657 0.48
4658 0.48
4659 0.48
4660 0.48
4661 0.48
4662 0.48
4663 0.48
4664 0.24
4665 0.24
4666 0.24
4667 0.24
4668 0.24
4669 0.24
4670 0.24
4671 0.24
4672 0.24
4673 0.24
4674 0.24
4675 0.24
4676 0.48
4677 0.48
4678 0.48
4679 0.48
4680 0.48
4681 0.48
4682 0.48
4683 0.48
4684 0.48
4685 0.48
4686 0.48
4687 0.48
4688 0.24
4689 0.24
4690 0.24
4691 0.24
4692 0.24
4693 0.24
4694 0.24
4695 0.24
4696 0.24
4697 0.24
4698 0.24
4699 0.24
4700 0.48
4701 0.48
4702 0.48
4703 0.48
4704 0.48
4705 0.48
4706 0.48
4707 0.48
4708 0.48
4709 0.48
4710 0.48
4711 0.48
4712 0.24
4713 0.24
4714 0.24
4715 0.24
4716 0.24
4717 0.24
4718 0.24
4719 0.24
4720 0.24
4721 0.24
4722 0.24
4723 0.24
4724 0.48
4725 0.48
4726 0.48
4727 0.48
4728 0.48
4729 0.48
4730 0.48
4731 0.48
4732 0.48
4733 0.48
4734 0.48
4735 0.48
4736 0.24
4737 0.24
4738 0.24
4739 0.24
4740 0.24
4741 0.24
4742 0.24
4743 0.24
4744 0.24
4745 0.24
4746 0.24
4747 0.24
4748 0.48
4749 0.48
4750 0.48
4751 0.48
4752 0.48
4753 0.48
4754 0.48
4755 0.48
4756 0.48
4757 0.48
4758 0.48
4759 0.48
4760 0.24
4761 0.24
4762 0.24
4763 0.24
4764 0.24
4765 0.24
4766 0.24
4767 0.24
4768 0.24
4769 0.24
4770 0.24
4771 0.24
4772 0.48
4773 0.48
4774 0.48
4775 0.48
4776 0.48
4777 0.48
4778 0.48
4779 0.48
4780 0.48
4781 0.48
4782 0.48
4783 0.48
4784 0.24
4785 0.24
4786 0.24
4787 0.24
4788 0.24
4789 0.24
4790 0.24
4791 0.24
4792 0.24
4793 0.24
4794 0.24
4795 0.24
4796 0.48
4797 0.48
4798 0.48
4799 0.48
4800 0.48
4801 0.48
4802 0.48
4803 0.48
4804 0.48
4805 0.48
4806 0.48
4807 0.48
4808 0.24
4809 0.24
4810 0.24
4811 0.24
4812 0.24
4813 0.24
4814 0.24
4815 0.24
4816 0.24
4817 0.24
4818 0.24
4819 0.24
4820 0.48
4821 0.48
4822 0.48
4823 0.48
4824 0.48
4825 0.48
4826 0.48
4827 0.48
4828 0.48
4829 0.48
4830 0.48
4831 0.48
4832 0.24
4833 0.24
4834 0.24
4835 0.24
4836 0.24
4837 0.24
4838 0.24
4839 0.24
4840 0.24
4841 0.24
4842 0.24
4843 0.24
4844 0.48
4845 0.48
4846 0.48
4847 0.48
4848 0.48
4849 0.48
4850 0.48
4851 0.48
4852 0.48
4853 0.48
4854 0.48
4855 0.48
4856 0.24
4857 0.24
4858 0.24
4859 0.24
4860 0.24
4861 0.24
4862 0.24
4863 0.24
4864 0.24
4865 0.24
4866 0.24
4867 0.24
4868 0.48
4869 0.48
4870 0.48
4871 0.48
4872 0.48
4873 0.48
4874 0.48
4875 0.48
4876 0.48
4877 0.48
4878 0.48
4879 0.48
4880 0.24
4881 0.24
4882 0.24
4883 0.24
4884 0.24
4885 0.24
4886 0.24
4887 0.24
4888 0.24
4889 0.24
4890 0.24
4891 0.24
4892 0.48
4893 0.48
4894 0.48
4895 0.48
4896 0.48
4897 0.48
4898 0.48
4899 0.48
4900 0.48
4901 0.48
4902 0.48
4903 0.48
4904 0.24
4905 0.24
4906 0.24
4907 0.24
4908 0.24
4909 0.24
4910 0.24
4911 0.24
4912 0.24
4913 0.24
4914 0.24
4915 0.24
4916 0.48
4917 0.48
4918 0.48
4919 0.48
4920 0.48
4921 0.48
4922 0.48
4923 0.48
4924 0.48
4925 0.48
4926 0.48
4927 0.48
4928 0.24
4929 0.24
4930 0.24
4931 0.24
4932 0.24
4933 0.24
4934 0.24
4935 0.24
4936 0.24
4937 0.24
4938 0.24
4939 0.24
4940 0.48
4941 0.48
4942 0.48
4943 0.48
4944 0.48
4945 0.48
4946 0.48
4947 0.48
4948 0.48
4949 0.48
4950 0.48
4951 0.48
4952 0.24
4953 0.24
4954 0.24
4955 0.24
4956 0.24
4957 0.24
4958 0.24
4959 0.24
4960 0.24
4961 0.24
4962 0.24
4963 0.24
4964 0.48
4965 0.48
4966 0.48
4967 0.48
4968 0.48
4969 0.48
4970 0.48
4971 0.48
4972 0.48
4973 0.48
4974 0.48
4975 0.48
4976 0.24
4977 0.24
4978 0.24
4979 0.24
4980 0.24
4981 0.24
4982 0.24
4983 0.24
4984 0.24
4985 0.24
4986 0.24
4987 0.24
4988 0.48
4989 0.48
4990 0.48
4991 0.48
4992 0.48
4993 0.48
4994 0.48
4995 0.48
4996 0.48
4997 0.48
4998 0.48
4999 0.48
5000 0.24
5001 0.24
5002 0.24
5003 0.24
5004 0.24
5005 0.24
5006 0.24
5007 0.24
5008 0.24
5009 0.24
5010 0.24
5011 0.24
5012 0.48
5013 0.48
5014 0.48
5015 0.48
5016 0.48
5017 0.48
5018 0.48
5019 0.48
5020 0.48
5021 0.48
5022 0.48
5023 0.48
5024 0.24
5025 0.24
5026 0.24
5027 0.24
5028 0.24
5029 0.24
5030 0.24
5031 0.24
5032 0.24
5033 0.24
5034 0.24
5035 0.24
5036 0.48
5037 0.48
5038 0.48
5039 0.48
5040 0.48
5041 0.48
5042 0.48
5043 0.48
5044 0.48
5045 0.48
5046 0.48
5047 0.48
5048 0.24
5049 0.24
5050 0.24
5051 0.24
5052 0.24
5053 0.24
5054 0.24
5055 0.24
5056 0.24
5057 0.24
5058 0.24
5059 0.24
5060 0.48
5061 0.48
5062 0.48
5063 0.48
5064 0.48
5065 0.48
5066 0.48
5067 0.48
5068 0.48
5069 0.48
5070 0.48
5071 0.48
5072 0.24
5073 0.24
5074 0.24
5075 0.24
5076 0.24
5077 0.24
5078 0.24
5079 0.24
5080 0.24
5081 0.24
5082 0.24
5083 0.24
5084 0.48
5085 0.48
5086 0.48
5087 0.48
5088 0.48
5089 0.48
5090 0.48
5091 0.48
5092 0.48
5093 0.48
5094 0.48
5095 0.48
5096 0.24
5097 0.24
5098 0.24
5099 0.24
5100 0.24
5101 0.24
5102 0.24
5103 0.24
5104 0.24
5105 0.24
5106 0.24
5107 0.24
5108 0.48
5109 0.48
5110 0.48
5111 0.48
5112 0.48
5113 0.48
5114 0.48
5115 0.48
5116 0.48
5117 0.48
5118 0.48
5119 0.48
5120 0.24
5121 0.24
5122 0.24
5123 0.24
5124 0.24
5125 0.24
5126 0.24
5127 0.24
5128 0.24
5129 0.24
5130 0.24
5131 0.24
5132 0.48
5133 0.48
5134 0.48
5135 0.48
5136 0.48
5137 0.48
5138 0.48
5139 0.48
5140 0.48
5141 0.48
5142 0.48
5143 0.48
5144 0.24
5145 0.24
5146 0.24
5147 0.24
5148 0.24
5149 0.24
5150 0.24
5151 0.24
5152 0.24
5153 0.24
5154 0.24
5155 0.24
5156 0.48
5157 0.48
5158 0.48
5159 0.48
5160 0.48
5161 0.48
5162 0.48
5163 0.48
5164 0.48
5165 0.48
5166 0.48
5167 0.48
5168 0.24
5169 0.24
5170 0.24
5171 0.24
5172 0.24
5173 0.24
5174 0.24
5175 0.24
5176 0.24
5177 0.24
5178 0.24
5179 0.24
5180 0.48
5181 0.48
5182 0.48
5183 0.48
5184 0.48
5185 0.48
5186 0.48
5187 0.48
5188 0.48
5189 0.48
5190 0.48
5191 0.48
5192 0.24
5193 0.24
5194 0.24
5195 0.24
5196 0.24
5197 0.24
5198 0.24
5199 0.24
5200 0.24
5201 0.24
5202 0.24
5203 0.24
5204 0.48
5205 0.48
5206 0.48
5207 0.48
5208 0.48
5209 0.48
5210 0.48
5211 0.48
5212 0.48
5213 0.48
5214 0.48
5215 0.48
5216 0.24
5217 0.24
5218 0.24
5219 0.24
5220 0.24
5221 0.24
5222 0.24
5223 0.24
5224 0.24
5225 0.24
5226 0.24
5227 0.24
5228 0.48
5229 0.48
5230 0.48
5231 0.48
5232 0.48
5233 0.48
5234 0.48
5235 0.48
5236 0.48
5237 0.48
5238 0.48
5239 0.48
5240 0.24
5241 0.24
5242 0.24
5243 0.24
5244 0.24
5245 0.24
5246 0.24
5247 0.24
5248 0.24
5249 0.24
5250 0.24
5251 0.24
5252 0.48
5253 0.48
5254 0.48
5255 0.48
5256 0.48
5257 0.48
5258 0.48
5259 0.48
5260 0.48
5261 0.48
5262 0.48
5263 0.48
5264 0.24
5265 0.24
5266 0.24
5267 0.24
5268 0.24
5269 0.24
5270 0.24
5271 0.24
5272 0.24
5273 0.24
5274 0.24
5275 0.24
5276 0.48
5277 0.48
5278 0.48
5279 0.48
5280 0.48
5281 0.48
5282 0.48
5283 0.48
5284 0.48
5285 0.48
5286 0.48
5287 0.48
5288 0.24
5289 0.24
5290 0.24
5291 0.24
5292 0.24
5293 0.24
5294 0.24
5295 0.24
5296 0.24
5297 0.24
5298 0.24
5299 0.24
5300 0.48
5301 0.48
5302 0.48
5303 0.48
5304 0.48
5305 0.48
5306 0.48
5307 0.48
5308 0.48
5309 0.48
5310 0.48
5311 0.48
5312 0.24
5313 0.24
5314 0.24
5315 0.24
5316 0.24
5317 0.24
5318 0.24
5319 0.24
5320 0.24
5321 0.24
5322 0.24
5323 0.24
5324 0.48
5325 0.48
5326 0.48
5327 0.48
5328 0.48
5329 0.48
5330 0.48
5331 0.48
5332 0.48
5333 0.48
5334 0.48
5335 0.48
5336 0.24
5337 0.24
5338 0.24
5339 0.24
5340 0.24
5341 0.24
5342 0.24
5343 0.24
5344 0.24
5345 0.24
5346 0.24
5347 0.24
5348 0.48
5349 0.48
5350 0.48
5351 0.48
5352 0.48
5353 0.48
5354 0.48
5355 0.48
5356 0.48
5357 0.48
5358 0.48
5359 0.48
5360 0.24
5361 0.24
5362 0.24
5363 0.24
5364 0.24
5365 0.24
5366 0.24
5367 0.24
5368 0.24
5369 0.24
5370 0.24
5371 0.24
5372 0.48
5373 0.48
5374 0.48
5375 0.48
5376 0.48
5377 0.48
5378 0.48
5379 0.48
5380 0.48
5381 0.48
5382 0.48
5383 0.48
5384 0.24
5385 0.24
5386 0.24
5387 0.24
5388 0.24
5389 0.24
5390 0.24
5391 0.24
5392 0.24
5393 0.24
5394 0.24
5395 0.24
5396 0.48
5397 0.48
5398 0.48
5399 0.48
5400 0.48
5401 0.48
5402 0.48
5403 0.48
5404 0.48
5405 0.48
5406 0.48
5407 0.48
5408 0.24
5409 0.24
5410 0.24
5411 0.24
5412 0.24
5413 0.24
5414 0.24
5415 0.24
5416 0.24
5417 0.24
5418 0.24
5419 0.24
5420 0.48
5421 0.48
5422 0.48
5423 0.48
5424 0.48
5425 0.48
5426 0.48
5427 0.48
5428 0.48
5429 0.48
5430 0.48
5431 0.48
5432 0.24
5433 0.24
5434 0.24
5435 0.24
5436 0.24
5437 0.24
5438 0.24
5439 0.24
5440 0.24
5441 0.24
5442 0.24
5443 0.24
5444 0.48
5445 0.48
5446 0.48
5447 0.48
5448 0.48
5449 0.48
5450 0.48
5451 0.48
5452 0.48
5453 0.48
5454 0.48
5455 0.48
5456 0.24
5457 0.24
5458 0.24
5459 0.24
5460 0.24
5461 0.24
5462 0.24
5463 0.24
5464 0.24
5465 0.24
5466 0.24
5467 0.24
5468 0.48
5469 0.48
5470 0.48
5471 0.48
5472 0.48
5473 0.48
5474 0.48
5475 0.48
5476 0.48
5477 0.48
5478 0.48
5479 0.48
5480 0.24
5481 0.24
5482 0.24
5483 0.24
5484 0.24
5485 0.24
5486 0.24
5487 0.24
5488 0.24
5489 0.24
5490 0.24
5491 0.24
5492 0.48
5493 0.48
5494 0.48
5495 0.48
5496 0.48
5497 0.48
5498 0.48
5499 0.48
5500 0.48
5501 0.48
5502 0.48
5503 0.48
5504 0.24
5505 0.24
5506 0.24
5507 0.24
5508 0.24
5509 0.24
5510 0.24
5511 0.24
5512 0.24
5513 0.24
5514 0.24
5515 0.24
5516 0.48
5517 0.48
5518 0.48
5519 0.48
5520 0.48
5521 0.48
5522 0.48
5523 0.48
5524 0.48
5525 0.48
5526 0.48
5527 0.48
5528 0.24
5529 0.24
5530 0.24
5531 0.24
5532 0.24
5533 0.24
5534 0.24
5535 0.24
5536 0.24
5537 0.24
5538 0.24
5539 0.24
5540 0.48
5541 0.48
5542 0.48
5543 0.48
5544 0.48
5545 0.48
5546 0.48
5547 0.48
5548 0.48
5549 0.48
5550 0.48
5551 0.48
5552 0.24
5553 0.24
5554 0.24
5555 0.24
5556 0.24
5557 0.24
5558 0.24
5559 0.24
5560 0.24
5561 0.24
5562 0.24
5563 0.24
5564 0.48
5565 0.48
5566 0.48
5567 0.48
5568 0.48
5569 0.48
5570 0.48
5571 0.48
5572 0.48
5573 0.48
5574 0.48
5575 0.48
5576 0.24
5577 0.24
5578 0.24
5579 0.24
5580 0.24
5581 0.24
5582 0.24
5583 0.24
5584 0.24
5585 0.24
5586 0.24
5587 0.24
5588 0.48
5589 0.48
5590 0.48
5591 0.48
5592 0.48
5593 0.48
5594 0.48
5595 0.48
5596 0.48
5597 0.48
5598 0.48
5599 0.48
5600 0.24
5601 0.24
5602 0.24
5603 0.24
5604 0.24
5605 0.24
5606 0.24
5607 0.24
5608 0.24
5609 0.24
5610 0.24
5611 0.24
5612 0.48
5613 0.48
5614 0.48
5615 0.48
5616 0.48
5617 0.48
5618 0.48
5619 0.48
5620 0.48
5621 0.48
5622 0.48
5623 0.48
5624 0.24
5625 0.24
5626 0.24
5627 0.24
5628 0.24
5629 0.24
5630 0.24
5631 0.24
5632 0.24
5633 0.24
5634 0.24
5635 0.24
5636 0.48
5637 0.48
5638 0.48
5639 0.48
5640 0.48
5641 0.48
5642 0.48
5643 0.48
5644 0.48
5645 0.48
5646 0.48
5647 0.48
5648 0.24
5649 0.24
5650 0.24
5651 0.24
5652 0.24
5653 0.24
5654 0.24
5655 0.24
5656 0.24
5657 0.24
5658 0.24
5659 0.24
5660 0.48
5661 0.48
5662 0.48
5663 0.48
5664 0.48
5665 0.48
5666 0.48
5667 0.48
5668 0.48
5669 0.48
5670 0.48
5671 0.48
5672 0.24
5673 0.24
5674 0.24
5675 0.24
5676 0.24
5677 0.24
5678 0.24
5679 0.24
5680 0.24
5681 0.24
5682 0.24
5683 0.24
5684 0.48
5685 0.48
5686 0.48
5687 0.48
5688 0.48
5689 0.48
5690 0.48
5691 0.48
5692 0.48
5693 0.48
5694 0.48
5695 0.48
5696 0.24
5697 0.24
5698 0.24
5699 0.24
5700 0.24
5701 0.24
5702 0.24
5703 0.24
5704 0.24
5705 0.24
5706 0.24
5707 0.24
5708 0.48
5709 0.48
5710 0.48
5711 0.48
5712 0.48
5713 0.48
5714 0.48
5715 0.48
5716 0.48
5717 0.48
5718 0.48
5719 0.48
5720 0.24
5721 0.24
5722 0.24
5723 0.24
5724 0.24
5725 0.24
5726 0.24
5727 0.24
5728 0.24
5729 0.24
5730 0.24
5731 0.24
5732 0.48
5733 0.48
5734 0.48
5735 0.48
5736 0.48
5737 0.48
5738 0.48
5739 0.48
5740 0.48
5741 0.48
5742 0.48
5743 0.48
5744 0.24
5745 0.24
5746 0.24
5747 0.24
5748 0.24
5749 0.24
5750 0.24
5751 0.24
5752 0.24
5753 0.24
5754 0.24
5755 0.24
5756 0.48
5757 0.48
5758 0.48
5759 0.48
5760 0.48
5761 0.48
5762 0.48
5763 0.48
5764 0.48
5765 0.48
5766 0.48
5767 0.48
5768 0.24
5769 0.24
5770 0.24
5771 0.24
5772 0.24
5773 0.24
5774 0.24
5775 0.24
5776 0.24
5777 0.24
5778 0.24
5779 0.24
5780 0.48
5781 0.48
5782 0.48
5783 0.48
5784 0.48
5785 0.48
5786 0.48
5787 0.48
5788 0.48
5789 0.48
5790 0.48
5791 0.48
5792 0.24
5793 0.24
5794 0.24
5795 0.24
5796 0.24
5797 0.24
5798 0.24
5799 0.24
5800 0.24
5801 0.24
5802 0.24
5803 0.24
5804 0.48
5805 0.48
5806 0.48
5807 0.48
5808 0.48
5809 0.48
5810 0.48
5811 0.48
5812 0.48
5813 0.48
5814 0.48
5815 0.48
5816 0.24
5817 0.24
5818 0.24
5819 0.24
5820 0.24
5821 0.24
5822 0.24
5823 0.24
5824 0.24
5825 0.24
5826 0.24
5827 0.24
5828 0.48
5829 0.48
5830 0.48
5831 0.48
5832 0.48
5833 0.48
5834 0.48
5835 0.48
5836 0.48
5837 0.48
5838 0.48
5839 0.48
5840 0.24
5841 0.24
5842 0.24
5843 0.24
5844 0.24
5845 0.24
5846 0.24
5847 0.24
5848 0.24
5849 0.24
5850 0.24
5851 0.24
5852 0.48
5853 0.48
5854 0.48
5855 0.48
5856 0.48
5857 0.48
5858 0.48
5859 0.48
5860 0.48
5861 0.48
5862 0.48
5863 0.48
5864 0.24
5865 0.24
5866 0.24
5867 0.24
5868 0.24
5869 0.24
5870 0.24
5871 0.24
5872 0.24
5873 0.24
5874 0.24
5875 0.24
5876 0.48
5877 0.48
5878 0.48
5879 0.48
5880 0.48
5881 0.48
5882 0.48
5883 0.48
5884 0.48
5885 0.48
5886 0.48
5887 0.48
5888 0.24
5889 0.24
5890 0.24
5891 0.24
5892 0.24
5893 0.24
5894 0.24
5895 0.24
5896 0.24
5897 0.24
5898 0.24
5899 0.24
5900 0.48
5901 0.48
5902 0.48
5903 0.48
5904 0.48
5905 0.48
5906 0.48
5907 0.48
5908 0.48
5909 0.48
5910 0.48
5911 0.48
5912 0.24
5913 0.24
5914 0.24
5915 0.24
5916 0.24
5917 0.24
5918 0.24
5919 0.24
5920 0.24
5921 0.24
5922 0.24
5923 0.24
5924 0.48
5925 0.48
5926 0.48
5927 0.48
5928 0.48
5929 0.48
5930 0.48
5931 0.48
5932 0.48
5933 0.48
5934 0.48
5935 0.48
5936 0.24
5937 0.24
5938 0.24
5939 0.24
5940 0.24
5941 0.24
5942 0.24
5943 0.24
5944 0.24
5945 0.24
5946 0.24
5947 0.24
5948 0.48
5949 0.48
5950 0.48
5951 0.48
5952 0.48
5953 0.48
5954 0.48
5955 0.48
5956 0.48
5957 0.48
5958 0.48
5959 0.48
5960 0.24
5961 0.24
5962 0.24
5963 0.24
5964 0.24
5965 0.24
5966 0.24
5967 0.24
5968 0.24
5969 0.24
5970 0.24
5971 0.24
5972 0.48
5973 0.48
5974 0.48
5975 0.48
5976 0.48
5977 0.48
5978 0.48
5979 0.48
5980 0.48
5981 0.48
5982 0.48
5983 0.48
5984 0.24
5985 0.24
5986 0.24
5987 0.24
5988 0.24
5989 0.24
5990 0.24
5991 0.24
5992 0.24
5993 0.24
5994 0.24
5995 0.24
5996 0.48
5997 0.48
5998 0.48
5999 0.48
6000 0.48
6001 0.48
6002 0.48
6003 0.48
6004 0.48
6005 0.48
6006 0.48
6007 0.48
6008 0.24
6009 0.24
6010 0.24
6011 0.24
6012 0.24
6013 0.24
6014 0.24
6015 0.24
6016 0.24
6017 0.24
6018 0.24
6019 0.24
6020 0.48
6021 0.48
6022 0.48
6023 0.48
6024 0.48
6025 0.48
6026 0.48
6027 0.48
6028 0.48
6029 0.48
6030 0.48
6031 0.48
6032 0.24
6033 0.24
6034 0.24
6035 0.24
6036 0.24
6037 0.24
6038 0.24
6039 0.24
6040 0.24
6041 0.24
6042 0.24
6043 0.24
6044 0.48
6045 0.48
6046 0.48
6047 0.48
6048 0.48
6049 0.48
6050 0.48
6051 0.48
6052 0.48
6053 0.48
6054 0.48
6055 0.48
6056 0.24
6057 0.24
6058 0.24
6059 0.24
6060 0.24
6061 0.24
6062 0.24
6063 0.24
6064 0.24
6065 0.24
6066 0.24
6067 0.24
6068 0.48
6069 0.48
6070 0.48
6071 0.48
6072 0.48
6073 0.48
6074 0.48
6075 0.48
6076 0.48
6077 0.48
6078 0.48
6079 0.48
6080 0.24
6081 0.24
6082 0.24
6083 0.24
6084 0.24
6085 0.24
6086 0.24
6087 0.24
6088 0.24
6089 0.24
6090 0.24
6091 0.24
6092 0.48
6093 0.48
6094 0.48
6095 0.48
6096 0.48
6097 0.48
6098 0.48
6099 0.48
6100 0.48
6101 0.48
6102 0.48
6103 0.48
6104 0.24
6105 0.24
6106 0.24
6107 0.24
6108 0.24
6109 0.24
6110 0.24
6111 0.24
6112 0.24
6113 0.24
6114 0.24
6115 0.24
6116 0.48
6117 0.48
6118 0.48
6119 0.48
6120 0.48
6121 0.48
6122 0.48
6123 0.48
6124 0.48
6125 0.48
6126 0.48
6127 0.48
6128 0.24
6129 0.24
6130 0.24
6131 0.24
6132 0.24
6133 0.24
6134 0.24
6135 0.24
6136 0.24
6137 0.24
6138 0.24
6139 0.24
6140 0.48
6141 0.48
6142 0.48
6143 0.48
6144 0.48
6145 0.48
6146 0.48
6147 0.48
6148 0.48
6149 0.48
6150 0.48
6151 0.48
6152 0.24
6153 0.24
6154 0.24
6155 0.24
6156 0.24
6157 0.24
6158 0.24
6159 0.24
6160 0.24
6161 0.24
6162 0.24
6163 0.24
6164 0.48
6165 0.48
6166 0.48
6167 0.48
6168 0.48
6169 0.48
6170 0.48
6171 0.48
6172 0.48
6173 0.48
6174 0.48
6175 0.48
6176 0.24
6177 0.24
6178 0.24
6179 0.24
6180 0.24
6181 0.24
6182 0.24
6183 0.24
6184 0.24
6185 0.24
6186 0.24
6187 0.24
6188 0.48
6189 0.48
6190 0.48
6191 0.48
6192 0.48
6193 0.48
6194 0.48
6195 0.48
6196 0.48
6197 0.48
6198 0.48
6199 0.48
6200 0.24
6201 0.24
6202 0.24
6203 0.24
6204 0.24
6205 0.24
6206 0.24
6207 0.24
6208 0.24
6209 0.24
6210 0.24
6211 0.24
6212 0.48
6213 0.48
6214 0.48
6215 0.48
6216 0.48
6217 0.48
6218 0.48
6219 0.48
6220 0.48
6221 0.48
6222 0.48
6223 0.48
6224 0.24
6225 0.24
6226 0.24
6227 0.24
6228 0.24
6229 0.24
6230 0.24
6231 0.24
6232 0.24
6233 0.24
6234 0.24
6235 0.24
6236 0.48
6237 0.48
6238 0.48
6239 0.48
6240 0.48
6241 0.48
6242 0.48
6243 0.48
6244 0.48
6245 0.48
6246 0.48
6247 0.48
6248 0.24
6249 0.24
6250 0.24
6251 0.24
6252 0.24
6253 0.24
6254 0.24
6255 0.24
6256 0.24
6257 0.24
6258 0.24
6259 0.24
6260 0.48
6261 0.48
6262 0.48
6263 0.48
6264 0.48
6265 0.48
6266 0.48
6267 0.48
6268 0.48
6269 0.48
6270 0.48
6271 0.48
6272 0.24
6273 0.24
6274 0.24
6275 0.24
6276 0.24
6277 0.24
6278 0.24
6279 0.24
6280 0.24
6281 0.24
6282 0.24
6283 0.24
6284 0.48
6285 0.48
6286 0.48
6287 0.48
6288 0.48
6289 0.48
6290 0.48
6291 0.48
6292 0.48
6293 0.48
6294 0.48
6295 0.48
6296 0.24
6297 0.24
6298 0.24
6299 0.24
6300 0.24
6301 0.24
6302 0.24
6303 0.24
6304 0.24
6305 0.24
6306 0.24
6307 0.24
6308 0.48
6309 0.48
6310 0.48
6311 0.48
6312 0.48
6313 0.48
6314 0.48
6315 0.48
6316 0.48
6317 0.48
6318 0.48
6319 0.48
6320 0.24
6321 0.24
6322 0.24
6323 0.24
6324 0.24
6325 0.24
6326 0.24
6327 0.24
6328 0.24
6329 0.24
6330 0.24
6331 0.24
6332 0.48
6333 0.48
6334 0.48
6335 0.48
6336 0.48
6337 0.48
6338 0.48
6339 0.48
6340 0.48
6341 0.48
6342 0.48
6343 0.48
6344 0.24
6345 0.24
6346 0.24
6347 0.24
6348 0.24
6349 0.24
6350 0.24
6351 0.24
6352 0.24
6353 0.24
6354 0.24
6355 0.24
6356 0.48
6357 0.48
6358 0.48
6359 0.48
6360 0.48
6361 0.48
6362 0.48
6363 0.48
6364 0.48
6365 0.48
6366 0.48
6367 0.48
6368 0.24
6369 0.24
6370 0.24
6371 0.24
6372 0.24
6373 0.24
6374 0.24
6375 0.24
6376 0.24
6377 0.24
6378 0.24
6379 0.24
6380 0.48
6381 0.48
6382 0.48
6383 0.48
6384 0.48
6385 0.48
6386 0.48
6387 0.48
6388 0.48
6389 0.48
6390 0.48
6391 0.48
6392 0.24
6393 0.24
6394 0.24
6395 0.24
6396 0.24
6397 0.24
6398 0.24
6399 0.24
6400 0.24
6401 0.24
6402 0.24
6403 0.24
6404 0.48
6405 0.48
6406 0.48
6407 0.48
6408 0.48
6409 0.48
6410 0.48
6411 0.48
6412 0.48
6413 0.48
6414 0.48
6415 0.48
6416 0.24
6417 0.24
6418 0.24
6419 0.24
6420 0.24
6421 0.24
6422 0.24
6423 0.24
6424 0.24
6425 0.24
6426 0.24
6427 0.24
6428 0.48
6429 0.48
6430 0.48
6431 0.48
6432 0.48
6433 0.48
6434 0.48
6435 0.48
6436 0.48
6437 0.48
6438 0.48
6439 0.48
6440 0.24
6441 0.24
6442 0.24
6443 0.24
6444 0.24
6445 0.24
6446 0.24
6447 0.24
6448 0.24
6449 0.24
6450 0.24
6451 0.24
6452 0.48
6453 0.48
6454 0.48
6455 0.48
6456 0.48
6457 0.48
6458 0.48
6459 0.48
6460 0.48
6461 0.48
6462 0.48
6463 0.48
6464 0.24
6465 0.24
6466 0.24
6467 0.24
6468 0.24
6469 0.24
6470 0.24
6471 0.24
6472 0.24
6473 0.24
6474 0.24
6475 0.24
6476 0.48
6477 0.48
6478 0.48
6479 0.48
6480 0.48
6481 0.48
6482 0.48
6483 0.48
6484 0.48
6485 0.48
6486 0.48
6487 0.48
6488 0.24
6489 0.24
6490 0.24
6491 0.24
6492 0.24
6493 0.24
6494 0.24
6495 0.24
6496 0.24
6497 0.24
6498 0.24
6499 0.24
6500 0.48
6501 0.48
6502 0.48
6503 0.48
6504 0.48
6505 0.48
6506 0.48
6507 0.48
6508 0.48
6509 0.48
6510 0.48
6511 0.48
6512 0.24
6513 0.24
6514 0.24
6515 0.24
6516 0.24
6517 0.24
6518 0.24
6519 0.24
6520 0.24
6521 0.24
6522 0.24
6523 0.24
6524 0.48
6525 0.48
6526 0.48
6527 0.48
6528 0.48
6529 0.48
6530 0.48
6531 0.48
6532 0.48
6533 0.48
6534 0.48
6535 0.48
6536 0.24
6537 0.24
6538 0.24
6539 0.24
6540 0.24
6541 0.24
6542 0.24
6543 0.24
6544 0.24
6545 0.24
6546 0.24
6547 0.24
6548 0.48
6549 0.48
6550 0.48
6551 0.48
6552 0.48
6553 0.48
6554 0.48
6555 0.48
6556 0.48
6557 0.48
6558 0.48
6559 0.48
6560 0.24
6561 0.24
6562 0.24
6563 0.24
6564 0.24
6565 0.24
6566 0.24
6567 0.24
6568 0.24
6569 0.24
6570 0.24
6571 0.24
6572 0.48
6573 0.48
6574 0.48
6575 0.48
6576 0.48
6577 0.48
6578 0.48
6579 0.48
6580 0.48
6581 0.48
6582 0.48
6583 0.48
6584 0.24
6585 0.24
6586 0.24
6587 0.24
6588 0.24
6589 0.24
6590 0.24
6591 0.24
6592 0.24
6593 0.24
6594 0.24
6595 0.24
6596 0.48
6597 0.48
6598 0.48
6599 0.48
6600 0.48
6601 0.48
6602 0.48
6603 0.48
6604 0.48
6605 0.48
6606 0.48
6607 0.48
6608 0.24
6609 0.24
6610 0.24
6611 0.24
6612 0.24
6613 0.24
6614 0.24
6615 0.24
6616 0.24
6617 0.24
6618 0.24
6619 0.24
6620 0.48
6621 0.48
6622 0.48
6623 0.48
6624 0.48
6625 0.48
6626 0.48
6627 0.48
6628 0.48
6629 0.48
6630 0.48
6631 0.48
6632 0.24
6633 0.24
6634 0.24
6635 0.24
6636 0.24
6637 0.24
6638 0.24
6639 0.24
6640 0.24
6641 0.24
6642 0.24
6643 0.24
6644 0.48
6645 0.48
6646 0.48
6647 0.48
6648 0.48
6649 0.48
6650 0.48
6651 0.48
6652 0.48
6653 0.48
6654 0.48
6655 0.48
6656 0.24
6657 0.24
6658 0.24
6659 0.24
6660 0.24
6661 0.24
6662 0.24
6663 0.24
6664 0.24
6665 0.24
6666 0.24
6667 0.24
6668 0.48
6669 0.48
6670 0.48
6671 0.48
6672 0.48
6673 0.48
6674 0.48
6675 0.48
6676 0.48
6677 0.48
6678 0.48
6679 0.48
6680 0.24
6681 0.24
6682 0.24
6683 0.24
6684 0.24
6685 0.24
6686 0.24
6687 0.24
6688 0.24
6689 0.24
6690 0.24
6691 0.24
6692 0.48
6693 0.48
6694 0.48
6695 0.48
6696 0.48
6697 0.48
6698 0.48
6699 0.48
6700 0.48
6701 0.48
6702 0.48
6703 0.48
6704 0.24
6705 0.24
6706 0.24
6707 0.24
6708 0.24
6709 0.24
6710 0.24
6711 0.24
6712 0.24
6713 0.24
6714 0.24
6715 0.24
6716 0.48
6717 0.48
6718 0.48
6719 0.48
6720 0.48
6721 0.48
6722 0.48
6723 0.48
6724 0.48
6725 0.48
6726 0.48
6727 0.48
6728 0.24
6729 0.24
6730 0.24
6731 0.24
6732 0.24
6733 0.24
6734 0.24
6735 0.24
6736 0.24
6737 0.24
6738 0.24
6739 0.24
6740 0.48
6741 0.48
6742 0.48
6743 0.48
6744 0.48
6745 0.48
6746 0.48
6747 0.48
6748 0.48
6749 0.48
6750 0.48
6751 0.48
6752 0.24
6753 0.24
6754 0.24
6755 0.24
6756 0.24
6757 0.24
6758 0.24
6759 0.24
6760 0.24
6761 0.24
6762 0.24
6763 0.24
6764 0.48
6765 0.48
6766 0.48
6767 0.48
6768 0.48
6769 0.48
6770 0.48
6771 0.48
6772 0.48
6773 0.48
6774 0.48
6775 0.48
6776 0.24
6777 0.24
6778 0.24
6779 0.24
6780 0.24
6781 0.24
6782 0.24
6783 0.24
6784 0.24
6785 0.24
6786 0.24
6787 0.24
6788 0.48
6789 0.48
6790 0.48
6791 0.48
6792 0.48
6793 0.48
6794 0.48
6795 0.48
6796 0.48
6797 0.48
6798 0.48
6799 0.48
6800 0.24
6801 0.24
6802 0.24
6803 0.24
6804 0.24
6805 0.24
6806 0.24
6807 0.24
6808 0.24
6809 0.24
6810 0.24
6811 0.24
6812 0.48
6813 0.48
6814 0.48
6815 0.48
6816 0.48
6817 0.48
6818 0.48
6819 0.48
6820 0.48
6821 0.48
6822 0.48
6823 0.48
6824 0.24
6825 0.24
6826 0.24
6827 0.24
6828 0.24
6829 0.24
6830 0.24
6831 0.24
6832 0.24
6833 0.24
6834 0.24
6835 0.24
6836 0.48
6837 0.48
6838 0.48
6839 0.48
6840 0.48
6841 0.48
6842 0.48
6843 0.48
6844 0.48
6845 0.48
6846 0.48
6847 0.48
6848 0.24
6849 0.24
6850 0.24
6851 0.24
6852 0.24
6853 0.24
6854 0.24
6855 0.24
6856 0.24
6857 0.24
6858 0.24
6859 0.24
6860 0.48
6861 0.48
6862 0.48
6863 0.48
6864 0.48
6865 0.48
6866 0.48
6867 0.48
6868 0.48
6869 0.48
6870 0.48
6871 0.48
6872 0.24
6873 0.24
6874 0.24
6875 0.24
6876 0.24
6877 0.24
6878 0.24
6879 0.24
6880 0.24
6881 0.24
6882 0.24
6883 0.24
6884 0.48
6885 0.48
6886 0.48
6887 0.48
6888 0.48
6889 0.48
6890 0.48
6891 0.48
6892 0.48
6893 0.48
6894 0.48
6895 0.48
6896 0.24
6897 0.24
6898 0.24
6899 0.24
6900 0.24
6901 0.24
6902 0.24
6903 0.24
6904 0.24
6905 0.24
6906 0.24
6907 0.24
6908 0.48
6909 0.48
6910 0.48
6911 0.48
6912 0.48
6913 0.48
6914 0.48
6915 0.48
6916 0.48
6917 0.48
6918 0.48
6919 0.48
6920 0.24
6921 0.24
6922 0.24
6923 0.24
6924 0.24
6925 0.24
6926 0.24
6927 0.24
6928 0.24
6929 0.24
6930 0.24
6931 0.24
6932 0.48
6933 0.48
6934 0.48
6935 0.48
6936 0.48
6937 0.48
6938 0.48
6939 0.48
6940 0.48
6941 0.48
6942 0.48
6943 0.48
6944 0.24
6945 0.24
6946 0.24
6947 0.24
6948 0.24
6949 0.24
6950 0.24
6951 0.24
6952 0.24
6953 0.24
6954 0.24
6955 0.24
6956 0.48
6957 0.48
6958 0.48
6959 0.48
6960 0.48
6961 0.48
6962 0.48
6963 0.48
6964 0.48
6965 0.48
6966 0.48
6967 0.48
6968 0.24
6969 0.24
6970 0.24
6971 0.24
6972 0.24
6973 0.24
6974 0.24
6975 0.24
6976 0.24
6977 0.24
6978 0.24
6979 0.24
6980 0.48
6981 0.48
6982 0.48
6983 0.48
6984 0.48
6985 0.48
6986 0.48
6987 0.48
6988 0.48
6989 0.48
6990 0.48
6991 0.48
6992 0.24
6993 0.24
6994 0.24
6995 0.24
6996 0.24
6997 0.24
6998 0.24
6999 0.24
7000 0.24
7001 0.24
7002 0.24
7003 0.24
7004 0.48
7005 0.48
7006 0.48
7007 0.48
7008 0.48
7009 0.48
7010 0.48
7011 0.48
7012 0.48
7013 0.48
7014 0.48
7015 0.48
7016 0.24
7017 0.24
7018 0.24
7019 0.24
7020 0.24
7021 0.24
7022 0.24
7023 0.24
7024 0.24
7025 0.24
7026 0.24
7027 0.24
7028 0.48
7029 0.48
7030 0.48
7031 0.48
7032 0.48
7033 0.48
7034 0.48
7035 0.48
7036 0.48
7037 0.48
7038 0.48
7039 0.48
7040 0.24
7041 0.24
7042 0.24
7043 0.24
7044 0.24
7045 0.24
7046 0.24
7047 0.24
7048 0.24
7049 0.24
7050 0.24
7051 0.24
7052 0.48
7053 0.48
7054 0.48
7055 0.48
7056 0.48
7057 0.48
7058 0.48
7059 0.48
7060 0.48
7061 0.48
7062 0.48
7063 0.48
7064 0.24
7065 0.24
7066 0.24
7067 0.24
7068 0.24
7069 0.24
7070 0.24
7071 0.24
7072 0.24
7073 0.24
7074 0.24
7075 0.24
7076 0.48
7077 0.48
7078 0.48
7079 0.48
7080 0.48
7081 0.48
7082 0.48
7083 0.48
7084 0.48
7085 0.48
7086 0.48
7087 0.48
7088 0.24
7089 0.24
7090 0.24
7091 0.24
7092 0.24
7093 0.24
7094 0.24
7095 0.24
7096 0.24
7097 0.24
7098 0.24
7099 0.24
7100 0.48
7101 0.48
7102 0.48
7103 0.48
7104 0.48
7105 0.48
7106 0.48
7107 0.48
7108 0.48
7109 0.48
7110 0.48
7111 0.48
7112 0.24
7113 0.24
7114 0.24
7115 0.24
7116 0.24
7117 0.24
7118 0.24
7119 0.24
7120 0.24
7121 0.24
7122 0.24
7123 0.24
7124 0.48
7125 0.48
7126 0.48
7127 0.48
7128 0.48
7129 0.48
7130 0.48
7131 0.48
7132 0.48
7133 0.48
7134 0.48
7135 0.48
7136 0.24
7137 0.24
7138 0.24
7139 0.24
7140 0.24
7141 0.24
7142 0.24
7143 0.24
7144 0.24
7145 0.24
7146 0.24
7147 0.24
7148 0.48
7149 0.48
7150 0.48
7151 0.48
7152 0.48
7153 0.48
7154 0.48
7155 0.48
7156 0.48
7157 0.48
7158 0.48
7159 0.48
7160 0.24
7161 0.24
7162 0.24
7163 0.24
7164 0.24
7165 0.24
7166 0.24
7167 0.24
7168 0.24
7169 0.24
7170 0.24
7171 0.24
7172 0.48
7173 0.48
7174 0.48
7175 0.48
7176 0.48
7177 0.48
7178 0.48
7179 0.48
7180 0.48
7181 0.48
7182 0.48
7183 0.48
7184 0.24
7185 0.24
7186 0.24
7187 0.24
7188 0.24
7189 0.24
7190 0.24
7191 0.24
7192 0.24
7193 0.24
7194 0.24
7195 0.24
7196 0.48
7197 0.48
7198 0.48
7199 0.48
7200 0.48
7201 0.48
7202 0.48
7203 0.48
7204 0.48
7205 0.48
7206 0.48
7207 0.48
7208 0.24
7209 0.24
7210 0.24
7211 0.24
7212 0.24
7213 0.24
7214 0.24
7215 0.24
7216 0.24
7217 0.24
7218 0.24
7219 0.24
7220 0.48
7221 0.48
7222 0.48
7223 0.48
7224 0.48
7225 0.48
7226 0.48
7227 0.48
7228 0.48
7229 0.48
7230 0.48
7231 0.48
7232 0.24
7233 0.24
7234 0.24
7235 0.24
7236 0.24
7237 0.24
7238 0.24
7239 0.24
7240 0.24
7241 0.24
7242 0.24
7243 0.24
7244 0.48
7245 0.48
7246 0.48
7247 0.48
7248 0.48
7249 0.48
7250 0.48
7251 0.48
7252 0.48
7253 0.48
7254 0.48
7255 0.48
7256 0.24
7257 0.24
7258 0.24
7259 0.24
7260 0.24
7261 0.24
7262 0.24
7263 0.24
7264 0.24
7265 0.24
7266 0.24
7267 0.24
7268 0.48
7269 0.48
7270 0.48
7271 0.48
7272 0.48
7273 0.48
7274 0.48
7275 0.48
7276 0.48
7277 0.48
7278 0.48
7279 0.48
7280 0.24
7281 0.24
7282 0.24
7283 0.24
7284 0.24
7285 0.24
7286 0.24
7287 0.24
7288 0.24
7289 0.24
7290 0.24
7291 0.24
7292 0.48
7293 0.48
7294 0.48
7295 0.48
7296 0.48
7297 0.48
7298 0.48
7299 0.48
7300 0.48
7301 0.48
7302 0.48
7303 0.48
7304 0.24
7305 0.24
7306 0.24
7307 0.24
7308 0.24
7309 0.24
7310 0.24
7311 0.24
7312 0.24
7313 0.24
7314 0.24
7315 0.24
7316 0.48
7317 0.48
7318 0.48
7319 0.48
7320 0.48
7321 0.48
7322 0.48
7323 0.48
7324 0.48
7325 0.48
7326 0.48
7327 0.48
7328 0.24
7329 0.24
7330 0.24
7331 0.24
7332 0.24
7333 0.24
7334 0.24
7335 0.24
7336 0.24
7337 0.24
7338 0.24
7339 0.24
7340 0.48
7341 0.48
7342 0.48
7343 0.48
7344 0.48
7345 0.48
7346 0.48
7347 0.48
7348 0.48
7349 0.48
7350 0.48
7351 0.48
7352 0.24
7353 0.24
7354 0.24
7355 0.24
7356 0.24
7357 0.24
7358 0.24
7359 0.24
7360 0.24
7361 0.24
7362 0.24
7363 0.24
7364 0.48
7365 0.48
7366 0.48
7367 0.48
7368 0.48
7369 0.48
7370 0.48
7371 0.48
7372 0.48
7373 0.48
7374 0.48
7375 0.48
7376 0.24
7377 0.24
7378 0.24
7379 0.24
7380 0.24
7381 0.24
7382 0.24
7383 0.24
7384 0.24
7385 0.24
7386 0.24
7387 0.24
7388 0.48
7389 0.48
7390 0.48
7391 0.48
7392 0.48
7393 0.48
7394 0.48
7395 0.48
7396 0.48
7397 0.48
7398 0.48
7399 0.48
7400 0.24
7401 0.24
7402 0.24
7403 0.24
7404 0.24
7405 0.24
7406 0.24
7407 0.24
7408 0.24
7409 0.24
7410 0.24
7411 0.24
7412 0.48
7413 0.48
7414 0.48
7415 0.48
7416 0.48
7417 0.48
7418 0.48
7419 0.48
7420 0.48
7421 0.48
7422 0.48
7423 0.48
7424 0.24
7425 0.24
7426 0.24
7427 0.24
7428 0.24
7429 0.24
7430 0.24
7431 0.24
7432 0.24
7433 0.24
7434 0.24
7435 0.24
7436 0.48
7437 0.48
7438 0.48
7439 0.48
7440 0.48
7441 0.48
7442 0.48
7443 0.48
7444 0.48
7445 0.48
7446 0.48
7447 0.48
7448 0.24
7449 0.24
7450 0.24
7451 0.24
7452 0.24
7453 0.24
7454 0.24
7455 0.24
7456 0.24
7457 0.24
7458 0.24
7459 0.24
7460 0.48
7461 0.48
7462 0.48
7463 0.48
7464 0.48
7465 0.48
7466 0.48
7467 0.48
7468 0.48
7469 0.48
7470 0.48
7471 0.48
7472 0.24
7473 0.24
7474 0.24
7475 0.24
7476 0.24
7477 0.24
7478 0.24
7479 0.24
7480 0.24
7481 0.24
7482 0.24
7483 0.24
7484 0.48
7485 0.48
7486 0.48
7487 0.48
7488 0.48
7489 0.48
7490 0.48
7491 0.48
7492 0.48
7493 0.48
7494 0.48
7495 0.48
7496 0.24
7497 0.24
7498 0.24
7499 0.24
7500 0.24
7501 0.24
7502 0.24
7503 0.24
7504 0.24
7505 0.24
7506 0.24
7507 0.24
7508 0.48
7509 0.48
7510 0.48
7511 0.48
7512 0.48
7513 0.48
7514 0.48
7515 0.48
7516 0.48
7517 0.48
7518 0.48
7519 0.48
7520 0.24
7521 0.24
7522 0.24
7523 0.24
7524 0.24
7525 0.24
7526 0.24
7527 0.24
7528 0.24
7529 0.24
7530 0.24
7531 0.24
7532 0.48
7533 0.48
7534 0.48
7535 0.48
7536 0.48
7537 0.48
7538 0.48
7539 0.48
7540 0.48
7541 0.48
7542 0.48
7543 0.48
7544 0.24
7545 0.24
7546 0.24
7547 0.24
7548 0.24
7549 0.24
7550 0.24
7551 0.24
7552 0.24
7553 0.24
7554 0.24
7555 0.24
7556 0.48
7557 0.48
7558 0.48
7559 0.48
7560 0.48
7561 0.48
7562 0.48
7563 0.48
7564 0.48
7565 0.48
7566 0.48
7567 0.48
7568 0.24
7569 0.24
7570 0.24
7571 0.24
7572 0.24
7573 0.24
7574 0.24
7575 0.24
7576 0.24
7577 0.24
7578 0.24
7579 0.24
7580 0.48
7581 0.48
7582 0.48
7583 0.48
7584 0.48
7585 0.48
7586 0.48
7587 0.48
7588 0.48
7589 0.48
7590 0.48
7591 0.48
7592 0.24
7593 0.24
7594 0.24
7595 0.24
7596 0.24
7597 0.24
7598 0.24
7599 0.24
7600 0.24
7601 0.24
7602 0.24
7603 0.24
7604 0.48
7605 0.48
7606 0.48
7607 0.48
7608 0.48
7609 0.48
7610 0.48
7611 0.48
7612 0.48
7613 0.48
7614 0.48
7615 0.48
7616 0.24
7617 0.24
7618 0.24
7619 0.24
7620 0.24
7621 0.24
7622 0.24
7623 0.24
7624 0.24
7625 0.24
7626 0.24
7627 0.24
7628 0.48
7629 0.48
7630 0.48
7631 0.48
7632 0.48
7633 0.48
7634 0.48
7635 0.48
7636 0.48
7637 0.48
7638 0.48
7639 0.48
7640 0.24
7641 0.24
7642 0.24
7643 0.24
7644 0.24
7645 0.24
7646 0.24
7647 0.24
7648 0.24
7649 0.24
7650 0.24
7651 0.24
7652 0.48
7653 0.48
7654 0.48
7655 0.48
7656 0.48
7657 0.48
7658 0.48
7659 0.48
7660 0.48
7661 0.48
7662 0.48
7663 0.48
7664 0.24
7665 0.24
7666 0.24
7667 0.24
7668 0.24
7669 0.24
7670 0.24
7671 0.24
7672 0.24
7673 0.24
7674 0.24
7675 0.24
7676 0.48
7677 0.48
7678 0.48
7679 0.48
7680 0.48
7681 0.48
7682 0.48
7683 0.48
7684 0.48
7685 0.48
7686 0.48
7687 0.48
7688 0.24
7689 0.24
7690 0.24
7691 0.24
7692 0.24
7693 0.24
7694 0.24
7695 0.24
7696 0.24
7697 0.24
7698 0.24
7699 0.24
7700 0.48
7701 0.48
7702 0.48
7703 0.48
7704 0.48
7705 0.48
7706 0.48
7707 0.48
7708 0.48
7709 0.48
7710 0.48
7711 0.48
7712 0.24
7713 0.24
7714 0.24
7715 0.24
7716 0.24
7717 0.24
7718 0.24
7719 0.24
7720 0.24
7721 0.24
7722 0.24
7723 0.24
7724 0.48
7725 0.48
7726 0.48
7727 0.48
7728 0.48
7729 0.48
7730 0.48
7731 0.48
7732 0.48
7733 0.48
7734 0.48
7735 0.48
7736 0.24
7737 0.24
7738 0.24
7739 0.24
7740 0.24
7741 0.24
7742 0.24
7743 0.24
7744 0.24
7745 0.24
7746 0.24
7747 0.24
7748 0.48
7749 0.48
7750 0.48
7751 0.48
7752 0.48
7753 0.48
7754 0.48
7755 0.48
7756 0.48
7757 0.48
7758 0.48
7759 0.48
7760 0.24
7761 0.24
7762 0.24
7763 0.24
7764 0.24
7765 0.24
7766 0.24
7767 0.24
7768 0.24
7769 0.24
7770 0.24
7771 0.24
7772 0.48
7773 0.48
7774 0.48
7775 0.48
7776 0.48
7777 0.48
7778 0.48
7779 0.48
7780 0.48
7781 0.48
7782 0.48
7783 0.48
7784 0.24
7785 0.24
7786 0.24
7787 0.24
7788 0.24
7789 0.24
7790 0.24
7791 0.24
7792 0.24
7793 0.24
7794 0.24
7795 0.24
7796 0.48
7797 0.48
7798 0.48
7799 0.48
7800 0.48
7801 0.48
7802 0.48
7803 0.48
7804 0.48
7805 0.48
7806 0.48
7807 0.48
7808 0.24
7809 0.24
7810 0.24
7811 0.24
7812 0.24
7813 0.24
7814 0.24
7815 0.24
7816 0.24
7817 0.24
7818 0.24
7819 0.24
7820 0.48
7821 0.48
7822 0.48
7823 0.48
7824 0.48
7825 0.48
7826 0.48
7827 0.48
7828 0.48
7829 0.48
7830 0.48
7831 0.48
7832 0.24
7833 0.24
7834 0.24
7835 0.24
7836 0.24
7837 0.24
7838 0.24
7839 0.24
7840 0.24
7841 0.24
7842 0.24
7843 0.24
7844 0.48
7845 0.48
7846 0.48
7847 0.48
7848 0.48
7849 0.48
7850 0.48
7851 0.48
7852 0.48
7853 0.48
7854 0.48
7855 0.48
7856 0.24
7857 0.24
7858 0.24
7859 0.24
7860 0.24
7861 0.24
7862 0.24
7863 0.24
7864 0.24
7865 0.24
7866 0.24
7867 0.24
7868 0.48
7869 0.48
7870 0.48
7871 0.48
7872 0.48
7873 0.48
7874 0.48
7875 0.48
7876 0.48
7877 0.48
7878 0.48
7879 0.48
7880 0.24
7881 0.24
7882 0.24
7883 0.24
7884 0.24
7885 0.24
7886 0.24
7887 0.24
7888 0.24
7889 0.24
7890 0.24
7891 0.24
7892 0.48
7893 0.48
7894 0.48
7895 0.48
7896 0.48
7897 0.48
7898 0.48
7899 0.48
7900 0.48
7901 0.48
7902 0.48
7903 0.48
7904 0.24
7905 0.24
7906 0.24
7907 0.24
7908 0.24
7909 0.24
7910 0.24
7911 0.24
7912 0.24
7913 0.24
7914 0.24
7915 0.24
7916 0.48
7917 0.48
7918 0.48
7919 0.48
7920 0.48
7921 0.48
7922 0.48
7923 0.48
7924 0.48
7925 0.48
7926 0.48
7927 0.48
7928 0.24
7929 0.24
7930 0.24
7931 0.24
7932 0.24
7933 0.24
7934 0.24
7935 0.24
7936 0.24
7937 0.24
7938 0.24
7939 0.24
7940 0.48
7941 0.48
7942 0.48
7943 0.48
7944 0.48
7945 0.48
7946 0.48
7947 0.48
7948 0.48
7949 0.48
7950 0.48
7951 0.48
7952 0.24
7953 0.24
7954 0.24
7955 0.24
7956 0.24
7957 0.24
7958 0.24
7959 0.24
7960 0.24
7961 0.24
7962 0.24
7963 0.24
7964 0.48
7965 0.48
7966 0.48
7967 0.48
7968 0.48
7969 0.48
7970 0.48
7971 0.48
7972 0.48
7973 0.48
7974 0.48
7975 0.48
7976 0.24
7977 0.24
7978 0.24
7979 0.24
7980 0.24
7981 0.24
7982 0.24
7983 0.24
7984 0.24
7985 0.24
7986 0.24
7987 0.24
7988 0.48
7989 0.48
7990 0.48
7991 0.48
7992 0.48
7993 0.48
7994 0.48
7995 0.48
7996 0.48
7997 0.48
7998 0.48
7999 0.48
8000 0.24
8001 0.24
8002 0.24
8003 0.24
8004 0.24
8005 0.24
8006 0.24
8007 0.24
8008 0.24
8009 0.24
8010 0.24
8011 0.24
8012 0.48
8013 0.48
8014 0.48
8015 0.48
8016 0.48
8017 0.48
8018 0.48
8019 0.48
8020 0.48
8021 0.48
8022 0.48
8023 0.48
8024 0.24
8025 0.24
8026 0.24
8027 0.24
8028 0.24
8029 0.24
8030 0.24
8031 0.24
8032 0.24
8033 0.24
8034 0.24
8035 0.24
8036 0.48
8037 0.48
8038 0.48
8039 0.48
8040 0.48
8041 0.48
8042 0.48
8043 0.48
8044 0.48
8045 0.48
8046 0.48
8047 0.48
8048 0.24
8049 0.24
8050 0.24
8051 0.24
8052 0.24
8053 0.24
8054 0.24
8055 0.24
8056 0.24
8057 0.24
8058 0.24
8059 0.24
8060 0.48
8061 0.48
8062 0.48
8063 0.48
8064 0.48
8065 0.48
8066 0.48
8067 0.48
8068 0.48
8069 0.48
8070 0.48
8071 0.48
8072 0.24
8073 0.24
8074 0.24
8075 0.24
8076 0.24
8077 0.24
8078 0.24
8079 0.24
8080 0.24
8081 0.24
8082 0.24
8083 0.24
8084 0.48
8085 0.48
8086 0.48
8087 0.48
8088 0.48
8089 0.48
8090 0.48
8091 0.48
8092 0.48
8093 0.48
8094 0.48
8095 0.48
8096 0.24
8097 0.24
8098 0.24
8099 0.24
8100 0.24
8101 0.24
8102 0.24
8103 0.24
8104 0.24
8105 0.24
8106 0.24
8107 0.24
8108 0.48
8109 0.48
8110 0.48
8111 0.48
8112 0.48
8113 0.48
8114 0.48
8115 0.48
8116 0.48
8117 0.48
8118 0.48
8119 0.48
8120 0.24
8121 0.24
8122 0.24
8123 0.24
8124 0.24
8125 0.24
8126 0.24
8127 0.24
8128 0.24
8129 0.24
8130 0.24
8131 0.24
8132 0.48
8133 0.48
8134 0.48
8135 0.48
8136 0.48
8137 0.48
8138 0.48
8139 0.48
8140 0.48
8141 0.48
8142 0.48
8143 0.48
8144 0.24
8145 0.24
8146 0.24
8147 0.24
8148 0.24
8149 0.24
8150 0.24
8151 0.24
8152 0.24
8153 0.24
8154 0.24
8155 0.24
8156 0.48
8157 0.48
8158 0.48
8159 0.48
8160 0.48
8161 0.48
8162 0.48
8163 0.48
8164 0.48
8165 0.48
8166 0.48
8167 0.48
8168 0.24
8169 0.24
8170 0.24
8171 0.24
8172 0.24
8173 0.24
8174 0.24
8175 0.24
8176 0.24
8177 0.24
8178 0.24
8179 0.24
8180 0.48
8181 0.48
8182 0.48
8183 0.48
8184 0.48
8185 0.48
8186 0.48
8187 0.48
8188 0.48
8189 0.48
8190 0.48
8191 0.48
8192 0.24
8193 0.24
8194 0.24
8195 0.24
8196 0.24
8197 0.24
8198 0.24
8199 0.24
8200 0.24
8201 0.24
8202 0.24
8203 0.24
8204 0.48
8205 0.48
8206 0.48
8207 0.48
8208 0.48
8209 0.48
8210 0.48
8211 0.48
8212 0.48
8213 0.48
8214 0.48
8215 0.48
8216 0.24
8217 0.24
8218 0.24
8219 0.24
8220 0.24
8221 0.24
8222 0.24
8223 0.24
8224 0.24
8225 0.24
8226 0.24
8227 0.24
8228 0.48
8229 0.48
8230 0.48
8231 0.48
8232 0.48
8233 0.48
8234 0.48
8235 0.48
8236 0.48
8237 0.48
8238 0.48
8239 0.48
8240 0.24
8241 0.24
8242 0.24
8243 0.24
8244 0.24
8245 0.24
8246 0.24
8247 0.24
8248 0.24
8249 0.24
8250 0.24
8251 0.24
8252 0.48
8253 0.48
8254 0.48
8255 0.48
8256 0.48
8257 0.48
8258 0.48
8259 0.48
8260 0.48
8261 0.48
8262 0.48
8263 0.48
8264 0.24
8265 0.24
8266 0.24
8267 0.24
8268 0.24
8269 0.24
8270 0.24
8271 0.24
8272 0.24
8273 0.24
8274 0.24
8275 0.24
8276 0.48
8277 0.48
8278 0.48
8279 0.48
8280 0.48
8281 0.48
8282 0.48
8283 0.48
8284 0.48
8285 0.48
8286 0.48
8287 0.48
8288 0.24
8289 0.24
8290 0.24
8291 0.24
8292 0.24
8293 0.24
8294 0.24
8295 0.24
8296 0.24
8297 0.24
8298 0.24
8299 0.24
8300 0.48
8301 0.48
8302 0.48
8303 0.48
8304 0.48
8305 0.48
8306 0.48
8307 0.48
8308 0.48
8309 0.48
8310 0.48
8311 0.48
8312 0.24
8313 0.24
8314 0.24
8315 0.24
8316 0.24
8317 0.24
8318 0.24
8319 0.24
8320 0.24
8321 0.24
8322 0.24
8323 0.24
8324 0.48
8325 0.48
8326 0.48
8327 0.48
8328 0.48
8329 0.48
8330 0.48
8331 0.48
8332 0.48
8333 0.48
8334 0.48
8335 0.48
8336 0.24
8337 0.24
8338 0.24
8339 0.24
8340 0.24
8341 0.24
8342 0.24
8343 0.24
8344 0.24
8345 0.24
8346 0.24
8347 0.24
8348 0.48
8349 0.48
8350 0.48
8351 0.48
8352 0.48
8353 0.48
8354 0.48
8355 0.48
8356 0.48
8357 0.48
8358 0.48
8359 0.48
8360 0.24
8361 0.24
8362 0.24
8363 0.24
8364 0.24
8365 0.24
8366 0.24
8367 0.24
8368 0.24
8369 0.24
8370 0.24
8371 0.24
8372 0.48
8373 0.48
8374 0.48
8375 0.48
8376 0.48
8377 0.48
8378 0.48
8379 0.48
8380 0.48
8381 0.48
8382 0.48
8383 0.48
8384 0.24
8385 0.24
8386 0.24
8387 0.24
8388 0.24
8389 0.24
8390 0.24
8391 0.24
8392 0.24
8393 0.24
8394 0.24
8395 0.24
8396 0.48
8397 0.48
8398 0.48
8399 0.48
8400 0.48
8401 0.48
8402 0.48
8403 0.48
8404 0.48
8405 0.48
8406 0.48
8407 0.48
8408 0.24
8409 0.24
8410 0.24
8411 0.24
8412 0.24
8413 0.24
8414 0.24
8415 0.24
8416 0.24
8417 0.24
8418 0.24
8419 0.24
8420 0.48
8421 0.48
8422 0.48
8423 0.48
8424 0.48
8425 0.48
8426 0.48
8427 0.48
8428 0.48
8429 0.48
8430 0.48
8431 0.48
8432 0.24
8433 0.24
8434 0.24
8435 0.24
8436 0.24
8437 0.24
8438 0.24
8439 0.24
8440 0.24
8441 0.24
8442 0.24
8443 0.24
8444 0.48
8445 0.48
8446 0.48
8447 0.48
8448 0.48
8449 0.48
8450 0.48
8451 0.48
8452 0.48
8453 0.48
8454 0.48
8455 0.48
8456 0.24
8457 0.24
8458 0.24
8459 0.24
8460 0.24
8461 0.24
8462 0.24
8463 0.24
8464 0.24
8465 0.24
8466 0.24
8467 0.24
8468 0.48
8469 0.48
8470 0.48
8471 0.48
8472 0.48
8473 0.48
8474 0.48
8475 0.48
8476 0.48
8477 0.48
8478 0.48
8479 0.48
8480 0.24
8481 0.24
8482 0.24
8483 0.24
8484 0.24
8485 0.24
8486 0.24
8487 0.24
8488 0.24
8489 0.24
8490 0.24
8491 0.24
8492 0.48
8493 0.48
8494 0.48
8495 0.48
8496 0.48
8497 0.48
8498 0.48
8499 0.48
8500 0.48
8501 0.48
8502 0.48
8503 0.48
8504 0.24
8505 0.24
8506 0.24
8507 0.24
8508 0.24
8509 0.24
8510 0.24
8511 0.24
8512 0.24
8513 0.24
8514 0.24
8515 0.24
8516 0.48
8517 0.48
8518 0.48
8519 0.48
8520 0.48
8521 0.48
8522 0.48
8523 0.48
8524 0.48
8525 0.48
8526 0.48
8527 0.48
8528 0.24
8529 0.24
8530 0.24
8531 0.24
8532 0.24
8533 0.24
8534 0.24
8535 0.24
8536 0.24
8537 0.24
8538 0.24
8539 0.24
8540 0.48
8541 0.48
8542 0.48
8543 0.48
8544 0.48
8545 0.48
8546 0.48
8547 0.48
8548 0.48
8549 0.48
8550 0.48
8551 0.48
8552 0.24
8553 0.24
8554 0.24
8555 0.24
8556 0.24
8557 0.24
8558 0.24
8559 0.24
8560 0.24
8561 0.24
8562 0.24
8563 0.24
8564 0.48
8565 0.48
8566 0.48
8567 0.48
8568 0.48
8569 0.48
8570 0.48
8571 0.48
8572 0.48
8573 0.48
8574 0.48
8575 0.48
8576 0.24
8577 0.24
8578 0.24
8579 0.24
8580 0.24
8581 0.24
8582 0.24
8583 0.24
8584 0.24
8585 0.24
8586 0.24
8587 0.24
8588 0.48
8589 0.48
8590 0.48
8591 0.48
8592 0.48
8593 0.48
8594 0.48
8595 0.48
8596 0.48
8597 0.48
8598 0.48
8599 0.48
8600 0.24
8601 0.24
8602 0.24
8603 0.24
8604 0.24
8605 0.24
8606 0.24
8607 0.24
8608 0.24
8609 0.24
8610 0.24
8611 0.24
8612 0.48
8613 0.48
8614 0.48
8615 0.48
8616 0.48
8617 0.48
8618 0.48
8619 0.48
8620 0.48
8621 0.48
8622 0.48
8623 0.48
8624 0.24
8625 0.24
8626 0.24
8627 0.24
8628 0.24
8629 0.24
8630 0.24
8631 0.24
8632 0.24
8633 0.24
8634 0.24
8635 0.24
8636 0.48
8637 0.48
8638 0.48
8639 0.48
8640 0.48
8641 0.48
8642 0.48
8643 0.48
8644 0.48
8645 0.48
8646 0.48
8647 0.48
8648 0.24
8649 0.24
8650 0.24
8651 0.24
8652 0.24
8653 0.24
8654 0.24
8655 0.24
8656 0.24
8657 0.24
8658 0.24
8659 0.24
8660 0.48
8661 0.48
8662 0.48
8663 0.48
8664 0.48
8665 0.48
8666 0.48
8667 0.48
8668 0.48
8669 0.48
8670 0.48
8671 0.48
8672 0.24
8673 0.24
8674 0.24
8675 0.24
8676 0.24
8677 0.24
8678 0.24
8679 0.24
8680 0.24
8681 0.24
8682 0.24
8683 0.24
8684 0.48
8685 0.48
8686 0.48
8687 0.48
8688 0.48
8689 0.48
8690 0.48
8691 0.48
8692 0.48
8693 0.48
8694 0.48
8695 0.48
8696 0.24
8697 0.24
8698 0.24
8699 0.24
8700 0.24
8701 0.24
8702 0.24
8703 0.24
8704 0.24
8705 0.24
8706 0.24
8707 0.24
8708 0.48
8709 0.48
8710 0.48
8711 0.48
8712 0.48
8713 0.48
8714 0.48
8715 0.48
8716 0.48
8717 0.48
8718 0.48
8719 0.48
8720 0.24
8721 0.24
8722 0.24
8723 0.24
8724 0.24
8725 0.24
8726 0.24
8727 0.24
8728 0.24
8729 0.24
8730 0.24
8731 0.24
8732 0.48
8733 0.48
8734 0.48
8735 0.48
8736 0.48
8737 0.48
8738 0.48
8739 0.48
8740 0.48
8741 0.48
8742 0.48
8743 0.48
8744 0.24
8745 0.24
8746 0.24
8747 0.24
8748 0.24
8749 0.24
8750 0.24
8751 0.24
8752 0.24
8753 0.24
8754 0.24
8755 0.24
8756 0.48
8757 0.48
8758 0.48
8759 0.48
8760 0.48
;