param p_minus :=
1 0.22
2 0.22
3 0.22
4 0.22
5 0.22
6 0.22
7 0.22
8 0.44
9 0.44
10 0.44
11 0.44
12 0.44
13 0.44
14 0.44
15 0.44
16 0.44
17 0.44
18 0.44
19 0.44
20 0.22
21 0.22
22 0.22
23 0.22
24 0.22
25 0.22
26 0.22
27 0.22
28 0.22
29 0.22
30 0.22
31 0.22
32 0.44
33 0.44
34 0.44
35 0.44
36 0.44
37 0.44
38 0.44
39 0.44
40 0.44
41 0.44
42 0.44
43 0.44
44 0.22
45 0.22
46 0.22
47 0.22
48 0.22
49 0.22
50 0.22
51 0.22
52 0.22
53 0.22
54 0.22
55 0.22
56 0.44
57 0.44
58 0.44
59 0.44
60 0.44
61 0.44
62 0.44
63 0.44
64 0.44
65 0.44
66 0.44
67 0.44
68 0.22
69 0.22
70 0.22
71 0.22
72 0.22
73 0.22
74 0.22
75 0.22
76 0.22
77 0.22
78 0.22
79 0.22
80 0.44
81 0.44
82 0.44
83 0.44
84 0.44
85 0.44
86 0.44
87 0.44
88 0.44
89 0.44
90 0.44
91 0.44
92 0.22
93 0.22
94 0.22
95 0.22
96 0.22
97 0.22
98 0.22
99 0.22
100 0.22
101 0.22
102 0.22
103 0.22
104 0.44
105 0.44
106 0.44
107 0.44
108 0.44
109 0.44
110 0.44
111 0.44
112 0.44
113 0.44
114 0.44
115 0.44
116 0.22
117 0.22
118 0.22
119 0.22
120 0.22
121 0.22
122 0.22
123 0.22
124 0.22
125 0.22
126 0.22
127 0.22
128 0.44
129 0.44
130 0.44
131 0.44
132 0.44
133 0.44
134 0.44
135 0.44
136 0.44
137 0.44
138 0.44
139 0.44
140 0.22
141 0.22
142 0.22
143 0.22
144 0.22
145 0.22
146 0.22
147 0.22
148 0.22
149 0.22
150 0.22
151 0.22
152 0.44
153 0.44
154 0.44
155 0.44
156 0.44
157 0.44
158 0.44
159 0.44
160 0.44
161 0.44
162 0.44
163 0.44
164 0.22
165 0.22
166 0.22
167 0.22
168 0.22
169 0.22
170 0.22
171 0.22
172 0.22
173 0.22
174 0.22
175 0.22
176 0.44
177 0.44
178 0.44
179 0.44
180 0.44
181 0.44
182 0.44
183 0.44
184 0.44
185 0.44
186 0.44
187 0.44
188 0.22
189 0.22
190 0.22
191 0.22
192 0.22
193 0.22
194 0.22
195 0.22
196 0.22
197 0.22
198 0.22
199 0.22
200 0.44
201 0.44
202 0.44
203 0.44
204 0.44
205 0.44
206 0.44
207 0.44
208 0.44
209 0.44
210 0.44
211 0.44
212 0.22
213 0.22
214 0.22
215 0.22
216 0.22
217 0.22
218 0.22
219 0.22
220 0.22
221 0.22
222 0.22
223 0.22
224 0.44
225 0.44
226 0.44
227 0.44
228 0.44
229 0.44
230 0.44
231 0.44
232 0.44
233 0.44
234 0.44
235 0.44
236 0.22
237 0.22
238 0.22
239 0.22
240 0.22
241 0.22
242 0.22
243 0.22
244 0.22
245 0.22
246 0.22
247 0.22
248 0.44
249 0.44
250 0.44
251 0.44
252 0.44
253 0.44
254 0.44
255 0.44
256 0.44
257 0.44
258 0.44
259 0.44
260 0.22
261 0.22
262 0.22
263 0.22
264 0.22
265 0.22
266 0.22
267 0.22
268 0.22
269 0.22
270 0.22
271 0.22
272 0.44
273 0.44
274 0.44
275 0.44
276 0.44
277 0.44
278 0.44
279 0.44
280 0.44
281 0.44
282 0.44
283 0.44
284 0.22
285 0.22
286 0.22
287 0.22
288 0.22
289 0.22
290 0.22
291 0.22
292 0.22
293 0.22
294 0.22
295 0.22
296 0.44
297 0.44
298 0.44
299 0.44
300 0.44
301 0.44
302 0.44
303 0.44
304 0.44
305 0.44
306 0.44
307 0.44
308 0.22
309 0.22
310 0.22
311 0.22
312 0.22
313 0.22
314 0.22
315 0.22
316 0.22
317 0.22
318 0.22
319 0.22
320 0.44
321 0.44
322 0.44
323 0.44
324 0.44
325 0.44
326 0.44
327 0.44
328 0.44
329 0.44
330 0.44
331 0.44
332 0.22
333 0.22
334 0.22
335 0.22
336 0.22
337 0.22
338 0.22
339 0.22
340 0.22
341 0.22
342 0.22
343 0.22
344 0.44
345 0.44
346 0.44
347 0.44
348 0.44
349 0.44
350 0.44
351 0.44
352 0.44
353 0.44
354 0.44
355 0.44
356 0.22
357 0.22
358 0.22
359 0.22
360 0.22
361 0.22
362 0.22
363 0.22
364 0.22
365 0.22
366 0.22
367 0.22
368 0.44
369 0.44
370 0.44
371 0.44
372 0.44
373 0.44
374 0.44
375 0.44
376 0.44
377 0.44
378 0.44
379 0.44
380 0.22
381 0.22
382 0.22
383 0.22
384 0.22
385 0.22
386 0.22
387 0.22
388 0.22
389 0.22
390 0.22
391 0.22
392 0.44
393 0.44
394 0.44
395 0.44
396 0.44
397 0.44
398 0.44
399 0.44
400 0.44
401 0.44
402 0.44
403 0.44
404 0.22
405 0.22
406 0.22
407 0.22
408 0.22
409 0.22
410 0.22
411 0.22
412 0.22
413 0.22
414 0.22
415 0.22
416 0.44
417 0.44
418 0.44
419 0.44
420 0.44
421 0.44
422 0.44
423 0.44
424 0.44
425 0.44
426 0.44
427 0.44
428 0.22
429 0.22
430 0.22
431 0.22
432 0.22
433 0.22
434 0.22
435 0.22
436 0.22
437 0.22
438 0.22
439 0.22
440 0.44
441 0.44
442 0.44
443 0.44
444 0.44
445 0.44
446 0.44
447 0.44
448 0.44
449 0.44
450 0.44
451 0.44
452 0.22
453 0.22
454 0.22
455 0.22
456 0.22
457 0.22
458 0.22
459 0.22
460 0.22
461 0.22
462 0.22
463 0.22
464 0.44
465 0.44
466 0.44
467 0.44
468 0.44
469 0.44
470 0.44
471 0.44
472 0.44
473 0.44
474 0.44
475 0.44
476 0.22
477 0.22
478 0.22
479 0.22
480 0.22
481 0.22
482 0.22
483 0.22
484 0.22
485 0.22
486 0.22
487 0.22
488 0.44
489 0.44
490 0.44
491 0.44
492 0.44
493 0.44
494 0.44
495 0.44
496 0.44
497 0.44
498 0.44
499 0.44
500 0.22
501 0.22
502 0.22
503 0.22
504 0.22
505 0.22
506 0.22
507 0.22
508 0.22
509 0.22
510 0.22
511 0.22
512 0.44
513 0.44
514 0.44
515 0.44
516 0.44
517 0.44
518 0.44
519 0.44
520 0.44
521 0.44
522 0.44
523 0.44
524 0.22
525 0.22
526 0.22
527 0.22
528 0.22
529 0.22
530 0.22
531 0.22
532 0.22
533 0.22
534 0.22
535 0.22
536 0.44
537 0.44
538 0.44
539 0.44
540 0.44
541 0.44
542 0.44
543 0.44
544 0.44
545 0.44
546 0.44
547 0.44
548 0.22
549 0.22
550 0.22
551 0.22
552 0.22
553 0.22
554 0.22
555 0.22
556 0.22
557 0.22
558 0.22
559 0.22
560 0.44
561 0.44
562 0.44
563 0.44
564 0.44
565 0.44
566 0.44
567 0.44
568 0.44
569 0.44
570 0.44
571 0.44
572 0.22
573 0.22
574 0.22
575 0.22
576 0.22
577 0.22
578 0.22
579 0.22
580 0.22
581 0.22
582 0.22
583 0.22
584 0.44
585 0.44
586 0.44
587 0.44
588 0.44
589 0.44
590 0.44
591 0.44
592 0.44
593 0.44
594 0.44
595 0.44
596 0.22
597 0.22
598 0.22
599 0.22
600 0.22
601 0.22
602 0.22
603 0.22
604 0.22
605 0.22
606 0.22
607 0.22
608 0.44
609 0.44
610 0.44
611 0.44
612 0.44
613 0.44
614 0.44
615 0.44
616 0.44
617 0.44
618 0.44
619 0.44
620 0.22
621 0.22
622 0.22
623 0.22
624 0.22
625 0.22
626 0.22
627 0.22
628 0.22
629 0.22
630 0.22
631 0.22
632 0.44
633 0.44
634 0.44
635 0.44
636 0.44
637 0.44
638 0.44
639 0.44
640 0.44
641 0.44
642 0.44
643 0.44
644 0.22
645 0.22
646 0.22
647 0.22
648 0.22
649 0.22
650 0.22
651 0.22
652 0.22
653 0.22
654 0.22
655 0.22
656 0.44
657 0.44
658 0.44
659 0.44
660 0.44
661 0.44
662 0.44
663 0.44
664 0.44
665 0.44
666 0.44
667 0.44
668 0.22
669 0.22
670 0.22
671 0.22
672 0.22
673 0.22
674 0.22
675 0.22
676 0.22
677 0.22
678 0.22
679 0.22
680 0.44
681 0.44
682 0.44
683 0.44
684 0.44
685 0.44
686 0.44
687 0.44
688 0.44
689 0.44
690 0.44
691 0.44
692 0.22
693 0.22
694 0.22
695 0.22
696 0.22
697 0.22
698 0.22
699 0.22
700 0.22
701 0.22
702 0.22
703 0.22
704 0.44
705 0.44
706 0.44
707 0.44
708 0.44
709 0.44
710 0.44
711 0.44
712 0.44
713 0.44
714 0.44
715 0.44
716 0.22
717 0.22
718 0.22
719 0.22
720 0.22
721 0.22
722 0.22
723 0.22
724 0.22
725 0.22
726 0.22
727 0.22
728 0.44
729 0.44
730 0.44
731 0.44
732 0.44
733 0.44
734 0.44
735 0.44
736 0.44
737 0.44
738 0.44
739 0.44
740 0.22
741 0.22
742 0.22
743 0.22
744 0.22
745 0.22
746 0.22
747 0.22
748 0.22
749 0.22
750 0.22
751 0.22
752 0.44
753 0.44
754 0.44
755 0.44
756 0.44
757 0.44
758 0.44
759 0.44
760 0.44
761 0.44
762 0.44
763 0.44
764 0.22
765 0.22
766 0.22
767 0.22
768 0.22
769 0.22
770 0.22
771 0.22
772 0.22
773 0.22
774 0.22
775 0.22
776 0.44
777 0.44
778 0.44
779 0.44
780 0.44
781 0.44
782 0.44
783 0.44
784 0.44
785 0.44
786 0.44
787 0.44
788 0.22
789 0.22
790 0.22
791 0.22
792 0.22
793 0.22
794 0.22
795 0.22
796 0.22
797 0.22
798 0.22
799 0.22
800 0.44
801 0.44
802 0.44
803 0.44
804 0.44
805 0.44
806 0.44
807 0.44
808 0.44
809 0.44
810 0.44
811 0.44
812 0.22
813 0.22
814 0.22
815 0.22
816 0.22
817 0.22
818 0.22
819 0.22
820 0.22
821 0.22
822 0.22
823 0.22
824 0.44
825 0.44
826 0.44
827 0.44
828 0.44
829 0.44
830 0.44
831 0.44
832 0.44
833 0.44
834 0.44
835 0.44
836 0.22
837 0.22
838 0.22
839 0.22
840 0.22
841 0.22
842 0.22
843 0.22
844 0.22
845 0.22
846 0.22
847 0.22
848 0.44
849 0.44
850 0.44
851 0.44
852 0.44
853 0.44
854 0.44
855 0.44
856 0.44
857 0.44
858 0.44
859 0.44
860 0.22
861 0.22
862 0.22
863 0.22
864 0.22
865 0.22
866 0.22
867 0.22
868 0.22
869 0.22
870 0.22
871 0.22
872 0.44
873 0.44
874 0.44
875 0.44
876 0.44
877 0.44
878 0.44
879 0.44
880 0.44
881 0.44
882 0.44
883 0.44
884 0.22
885 0.22
886 0.22
887 0.22
888 0.22
889 0.22
890 0.22
891 0.22
892 0.22
893 0.22
894 0.22
895 0.22
896 0.44
897 0.44
898 0.44
899 0.44
900 0.44
901 0.44
902 0.44
903 0.44
904 0.44
905 0.44
906 0.44
907 0.44
908 0.22
909 0.22
910 0.22
911 0.22
912 0.22
913 0.22
914 0.22
915 0.22
916 0.22
917 0.22
918 0.22
919 0.22
920 0.44
921 0.44
922 0.44
923 0.44
924 0.44
925 0.44
926 0.44
927 0.44
928 0.44
929 0.44
930 0.44
931 0.44
932 0.22
933 0.22
934 0.22
935 0.22
936 0.22
937 0.22
938 0.22
939 0.22
940 0.22
941 0.22
942 0.22
943 0.22
944 0.44
945 0.44
946 0.44
947 0.44
948 0.44
949 0.44
950 0.44
951 0.44
952 0.44
953 0.44
954 0.44
955 0.44
956 0.22
957 0.22
958 0.22
959 0.22
960 0.22
961 0.22
962 0.22
963 0.22
964 0.22
965 0.22
966 0.22
967 0.22
968 0.44
969 0.44
970 0.44
971 0.44
972 0.44
973 0.44
974 0.44
975 0.44
976 0.44
977 0.44
978 0.44
979 0.44
980 0.22
981 0.22
982 0.22
983 0.22
984 0.22
985 0.22
986 0.22
987 0.22
988 0.22
989 0.22
990 0.22
991 0.22
992 0.44
993 0.44
994 0.44
995 0.44
996 0.44
997 0.44
998 0.44
999 0.44
1000 0.44
1001 0.44
1002 0.44
1003 0.44
1004 0.22
1005 0.22
1006 0.22
1007 0.22
1008 0.22
1009 0.22
1010 0.22
1011 0.22
1012 0.22
1013 0.22
1014 0.22
1015 0.22
1016 0.44
1017 0.44
1018 0.44
1019 0.44
1020 0.44
1021 0.44
1022 0.44
1023 0.44
1024 0.44
1025 0.44
1026 0.44
1027 0.44
1028 0.22
1029 0.22
1030 0.22
1031 0.22
1032 0.22
1033 0.22
1034 0.22
1035 0.22
1036 0.22
1037 0.22
1038 0.22
1039 0.22
1040 0.44
1041 0.44
1042 0.44
1043 0.44
1044 0.44
1045 0.44
1046 0.44
1047 0.44
1048 0.44
1049 0.44
1050 0.44
1051 0.44
1052 0.22
1053 0.22
1054 0.22
1055 0.22
1056 0.22
1057 0.22
1058 0.22
1059 0.22
1060 0.22
1061 0.22
1062 0.22
1063 0.22
1064 0.44
1065 0.44
1066 0.44
1067 0.44
1068 0.44
1069 0.44
1070 0.44
1071 0.44
1072 0.44
1073 0.44
1074 0.44
1075 0.44
1076 0.22
1077 0.22
1078 0.22
1079 0.22
1080 0.22
1081 0.22
1082 0.22
1083 0.22
1084 0.22
1085 0.22
1086 0.22
1087 0.22
1088 0.44
1089 0.44
1090 0.44
1091 0.44
1092 0.44
1093 0.44
1094 0.44
1095 0.44
1096 0.44
1097 0.44
1098 0.44
1099 0.44
1100 0.22
1101 0.22
1102 0.22
1103 0.22
1104 0.22
1105 0.22
1106 0.22
1107 0.22
1108 0.22
1109 0.22
1110 0.22
1111 0.22
1112 0.44
1113 0.44
1114 0.44
1115 0.44
1116 0.44
1117 0.44
1118 0.44
1119 0.44
1120 0.44
1121 0.44
1122 0.44
1123 0.44
1124 0.22
1125 0.22
1126 0.22
1127 0.22
1128 0.22
1129 0.22
1130 0.22
1131 0.22
1132 0.22
1133 0.22
1134 0.22
1135 0.22
1136 0.44
1137 0.44
1138 0.44
1139 0.44
1140 0.44
1141 0.44
1142 0.44
1143 0.44
1144 0.44
1145 0.44
1146 0.44
1147 0.44
1148 0.22
1149 0.22
1150 0.22
1151 0.22
1152 0.22
1153 0.22
1154 0.22
1155 0.22
1156 0.22
1157 0.22
1158 0.22
1159 0.22
1160 0.44
1161 0.44
1162 0.44
1163 0.44
1164 0.44
1165 0.44
1166 0.44
1167 0.44
1168 0.44
1169 0.44
1170 0.44
1171 0.44
1172 0.22
1173 0.22
1174 0.22
1175 0.22
1176 0.22
1177 0.22
1178 0.22
1179 0.22
1180 0.22
1181 0.22
1182 0.22
1183 0.22
1184 0.44
1185 0.44
1186 0.44
1187 0.44
1188 0.44
1189 0.44
1190 0.44
1191 0.44
1192 0.44
1193 0.44
1194 0.44
1195 0.44
1196 0.22
1197 0.22
1198 0.22
1199 0.22
1200 0.22
1201 0.22
1202 0.22
1203 0.22
1204 0.22
1205 0.22
1206 0.22
1207 0.22
1208 0.44
1209 0.44
1210 0.44
1211 0.44
1212 0.44
1213 0.44
1214 0.44
1215 0.44
1216 0.44
1217 0.44
1218 0.44
1219 0.44
1220 0.22
1221 0.22
1222 0.22
1223 0.22
1224 0.22
1225 0.22
1226 0.22
1227 0.22
1228 0.22
1229 0.22
1230 0.22
1231 0.22
1232 0.44
1233 0.44
1234 0.44
1235 0.44
1236 0.44
1237 0.44
1238 0.44
1239 0.44
1240 0.44
1241 0.44
1242 0.44
1243 0.44
1244 0.22
1245 0.22
1246 0.22
1247 0.22
1248 0.22
1249 0.22
1250 0.22
1251 0.22
1252 0.22
1253 0.22
1254 0.22
1255 0.22
1256 0.44
1257 0.44
1258 0.44
1259 0.44
1260 0.44
1261 0.44
1262 0.44
1263 0.44
1264 0.44
1265 0.44
1266 0.44
1267 0.44
1268 0.22
1269 0.22
1270 0.22
1271 0.22
1272 0.22
1273 0.22
1274 0.22
1275 0.22
1276 0.22
1277 0.22
1278 0.22
1279 0.22
1280 0.44
1281 0.44
1282 0.44
1283 0.44
1284 0.44
1285 0.44
1286 0.44
1287 0.44
1288 0.44
1289 0.44
1290 0.44
1291 0.44
1292 0.22
1293 0.22
1294 0.22
1295 0.22
1296 0.22
1297 0.22
1298 0.22
1299 0.22
1300 0.22
1301 0.22
1302 0.22
1303 0.22
1304 0.44
1305 0.44
1306 0.44
1307 0.44
1308 0.44
1309 0.44
1310 0.44
1311 0.44
1312 0.44
1313 0.44
1314 0.44
1315 0.44
1316 0.22
1317 0.22
1318 0.22
1319 0.22
1320 0.22
1321 0.22
1322 0.22
1323 0.22
1324 0.22
1325 0.22
1326 0.22
1327 0.22
1328 0.44
1329 0.44
1330 0.44
1331 0.44
1332 0.44
1333 0.44
1334 0.44
1335 0.44
1336 0.44
1337 0.44
1338 0.44
1339 0.44
1340 0.22
1341 0.22
1342 0.22
1343 0.22
1344 0.22
1345 0.22
1346 0.22
1347 0.22
1348 0.22
1349 0.22
1350 0.22
1351 0.22
1352 0.44
1353 0.44
1354 0.44
1355 0.44
1356 0.44
1357 0.44
1358 0.44
1359 0.44
1360 0.44
1361 0.44
1362 0.44
1363 0.44
1364 0.22
1365 0.22
1366 0.22
1367 0.22
1368 0.22
1369 0.22
1370 0.22
1371 0.22
1372 0.22
1373 0.22
1374 0.22
1375 0.22
1376 0.44
1377 0.44
1378 0.44
1379 0.44
1380 0.44
1381 0.44
1382 0.44
1383 0.44
1384 0.44
1385 0.44
1386 0.44
1387 0.44
1388 0.22
1389 0.22
1390 0.22
1391 0.22
1392 0.22
1393 0.22
1394 0.22
1395 0.22
1396 0.22
1397 0.22
1398 0.22
1399 0.22
1400 0.44
1401 0.44
1402 0.44
1403 0.44
1404 0.44
1405 0.44
1406 0.44
1407 0.44
1408 0.44
1409 0.44
1410 0.44
1411 0.44
1412 0.22
1413 0.22
1414 0.22
1415 0.22
1416 0.22
1417 0.22
1418 0.22
1419 0.22
1420 0.22
1421 0.22
1422 0.22
1423 0.22
1424 0.44
1425 0.44
1426 0.44
1427 0.44
1428 0.44
1429 0.44
1430 0.44
1431 0.44
1432 0.44
1433 0.44
1434 0.44
1435 0.44
1436 0.22
1437 0.22
1438 0.22
1439 0.22
1440 0.22
1441 0.22
1442 0.22
1443 0.22
1444 0.22
1445 0.22
1446 0.22
1447 0.22
1448 0.44
1449 0.44
1450 0.44
1451 0.44
1452 0.44
1453 0.44
1454 0.44
1455 0.44
1456 0.44
1457 0.44
1458 0.44
1459 0.44
1460 0.22
1461 0.22
1462 0.22
1463 0.22
1464 0.22
1465 0.22
1466 0.22
1467 0.22
1468 0.22
1469 0.22
1470 0.22
1471 0.22
1472 0.44
1473 0.44
1474 0.44
1475 0.44
1476 0.44
1477 0.44
1478 0.44
1479 0.44
1480 0.44
1481 0.44
1482 0.44
1483 0.44
1484 0.22
1485 0.22
1486 0.22
1487 0.22
1488 0.22
1489 0.22
1490 0.22
1491 0.22
1492 0.22
1493 0.22
1494 0.22
1495 0.22
1496 0.44
1497 0.44
1498 0.44
1499 0.44
1500 0.44
1501 0.44
1502 0.44
1503 0.44
1504 0.44
1505 0.44
1506 0.44
1507 0.44
1508 0.22
1509 0.22
1510 0.22
1511 0.22
1512 0.22
1513 0.22
1514 0.22
1515 0.22
1516 0.22
1517 0.22
1518 0.22
1519 0.22
1520 0.44
1521 0.44
1522 0.44
1523 0.44
1524 0.44
1525 0.44
1526 0.44
1527 0.44
1528 0.44
1529 0.44
1530 0.44
1531 0.44
1532 0.22
1533 0.22
1534 0.22
1535 0.22
1536 0.22
1537 0.22
1538 0.22
1539 0.22
1540 0.22
1541 0.22
1542 0.22
1543 0.22
1544 0.44
1545 0.44
1546 0.44
1547 0.44
1548 0.44
1549 0.44
1550 0.44
1551 0.44
1552 0.44
1553 0.44
1554 0.44
1555 0.44
1556 0.22
1557 0.22
1558 0.22
1559 0.22
1560 0.22
1561 0.22
1562 0.22
1563 0.22
1564 0.22
1565 0.22
1566 0.22
1567 0.22
1568 0.44
1569 0.44
1570 0.44
1571 0.44
1572 0.44
1573 0.44
1574 0.44
1575 0.44
1576 0.44
1577 0.44
1578 0.44
1579 0.44
1580 0.22
1581 0.22
1582 0.22
1583 0.22
1584 0.22
1585 0.22
1586 0.22
1587 0.22
1588 0.22
1589 0.22
1590 0.22
1591 0.22
1592 0.44
1593 0.44
1594 0.44
1595 0.44
1596 0.44
1597 0.44
1598 0.44
1599 0.44
1600 0.44
1601 0.44
1602 0.44
1603 0.44
1604 0.22
1605 0.22
1606 0.22
1607 0.22
1608 0.22
1609 0.22
1610 0.22
1611 0.22
1612 0.22
1613 0.22
1614 0.22
1615 0.22
1616 0.44
1617 0.44
1618 0.44
1619 0.44
1620 0.44
1621 0.44
1622 0.44
1623 0.44
1624 0.44
1625 0.44
1626 0.44
1627 0.44
1628 0.22
1629 0.22
1630 0.22
1631 0.22
1632 0.22
1633 0.22
1634 0.22
1635 0.22
1636 0.22
1637 0.22
1638 0.22
1639 0.22
1640 0.44
1641 0.44
1642 0.44
1643 0.44
1644 0.44
1645 0.44
1646 0.44
1647 0.44
1648 0.44
1649 0.44
1650 0.44
1651 0.44
1652 0.22
1653 0.22
1654 0.22
1655 0.22
1656 0.22
1657 0.22
1658 0.22
1659 0.22
1660 0.22
1661 0.22
1662 0.22
1663 0.22
1664 0.44
1665 0.44
1666 0.44
1667 0.44
1668 0.44
1669 0.44
1670 0.44
1671 0.44
1672 0.44
1673 0.44
1674 0.44
1675 0.44
1676 0.22
1677 0.22
1678 0.22
1679 0.22
1680 0.22
1681 0.22
1682 0.22
1683 0.22
1684 0.22
1685 0.22
1686 0.22
1687 0.22
1688 0.44
1689 0.44
1690 0.44
1691 0.44
1692 0.44
1693 0.44
1694 0.44
1695 0.44
1696 0.44
1697 0.44
1698 0.44
1699 0.44
1700 0.22
1701 0.22
1702 0.22
1703 0.22
1704 0.22
1705 0.22
1706 0.22
1707 0.22
1708 0.22
1709 0.22
1710 0.22
1711 0.22
1712 0.44
1713 0.44
1714 0.44
1715 0.44
1716 0.44
1717 0.44
1718 0.44
1719 0.44
1720 0.44
1721 0.44
1722 0.44
1723 0.44
1724 0.22
1725 0.22
1726 0.22
1727 0.22
1728 0.22
1729 0.22
1730 0.22
1731 0.22
1732 0.22
1733 0.22
1734 0.22
1735 0.22
1736 0.44
1737 0.44
1738 0.44
1739 0.44
1740 0.44
1741 0.44
1742 0.44
1743 0.44
1744 0.44
1745 0.44
1746 0.44
1747 0.44
1748 0.22
1749 0.22
1750 0.22
1751 0.22
1752 0.22
1753 0.22
1754 0.22
1755 0.22
1756 0.22
1757 0.22
1758 0.22
1759 0.22
1760 0.44
1761 0.44
1762 0.44
1763 0.44
1764 0.44
1765 0.44
1766 0.44
1767 0.44
1768 0.44
1769 0.44
1770 0.44
1771 0.44
1772 0.22
1773 0.22
1774 0.22
1775 0.22
1776 0.22
1777 0.22
1778 0.22
1779 0.22
1780 0.22
1781 0.22
1782 0.22
1783 0.22
1784 0.44
1785 0.44
1786 0.44
1787 0.44
1788 0.44
1789 0.44
1790 0.44
1791 0.44
1792 0.44
1793 0.44
1794 0.44
1795 0.44
1796 0.22
1797 0.22
1798 0.22
1799 0.22
1800 0.22
1801 0.22
1802 0.22
1803 0.22
1804 0.22
1805 0.22
1806 0.22
1807 0.22
1808 0.44
1809 0.44
1810 0.44
1811 0.44
1812 0.44
1813 0.44
1814 0.44
1815 0.44
1816 0.44
1817 0.44
1818 0.44
1819 0.44
1820 0.22
1821 0.22
1822 0.22
1823 0.22
1824 0.22
1825 0.22
1826 0.22
1827 0.22
1828 0.22
1829 0.22
1830 0.22
1831 0.22
1832 0.44
1833 0.44
1834 0.44
1835 0.44
1836 0.44
1837 0.44
1838 0.44
1839 0.44
1840 0.44
1841 0.44
1842 0.44
1843 0.44
1844 0.22
1845 0.22
1846 0.22
1847 0.22
1848 0.22
1849 0.22
1850 0.22
1851 0.22
1852 0.22
1853 0.22
1854 0.22
1855 0.22
1856 0.44
1857 0.44
1858 0.44
1859 0.44
1860 0.44
1861 0.44
1862 0.44
1863 0.44
1864 0.44
1865 0.44
1866 0.44
1867 0.44
1868 0.22
1869 0.22
1870 0.22
1871 0.22
1872 0.22
1873 0.22
1874 0.22
1875 0.22
1876 0.22
1877 0.22
1878 0.22
1879 0.22
1880 0.44
1881 0.44
1882 0.44
1883 0.44
1884 0.44
1885 0.44
1886 0.44
1887 0.44
1888 0.44
1889 0.44
1890 0.44
1891 0.44
1892 0.22
1893 0.22
1894 0.22
1895 0.22
1896 0.22
1897 0.22
1898 0.22
1899 0.22
1900 0.22
1901 0.22
1902 0.22
1903 0.22
1904 0.44
1905 0.44
1906 0.44
1907 0.44
1908 0.44
1909 0.44
1910 0.44
1911 0.44
1912 0.44
1913 0.44
1914 0.44
1915 0.44
1916 0.22
1917 0.22
1918 0.22
1919 0.22
1920 0.22
1921 0.22
1922 0.22
1923 0.22
1924 0.22
1925 0.22
1926 0.22
1927 0.22
1928 0.44
1929 0.44
1930 0.44
1931 0.44
1932 0.44
1933 0.44
1934 0.44
1935 0.44
1936 0.44
1937 0.44
1938 0.44
1939 0.44
1940 0.22
1941 0.22
1942 0.22
1943 0.22
1944 0.22
1945 0.22
1946 0.22
1947 0.22
1948 0.22
1949 0.22
1950 0.22
1951 0.22
1952 0.44
1953 0.44
1954 0.44
1955 0.44
1956 0.44
1957 0.44
1958 0.44
1959 0.44
1960 0.44
1961 0.44
1962 0.44
1963 0.44
1964 0.22
1965 0.22
1966 0.22
1967 0.22
1968 0.22
1969 0.22
1970 0.22
1971 0.22
1972 0.22
1973 0.22
1974 0.22
1975 0.22
1976 0.44
1977 0.44
1978 0.44
1979 0.44
1980 0.44
1981 0.44
1982 0.44
1983 0.44
1984 0.44
1985 0.44
1986 0.44
1987 0.44
1988 0.22
1989 0.22
1990 0.22
1991 0.22
1992 0.22
1993 0.22
1994 0.22
1995 0.22
1996 0.22
1997 0.22
1998 0.22
1999 0.22
2000 0.44
2001 0.44
2002 0.44
2003 0.44
2004 0.44
2005 0.44
2006 0.44
2007 0.44
2008 0.44
2009 0.44
2010 0.44
2011 0.44
2012 0.22
2013 0.22
2014 0.22
2015 0.22
2016 0.22
2017 0.22
2018 0.22
2019 0.22
2020 0.22
2021 0.22
2022 0.22
2023 0.22
2024 0.44
2025 0.44
2026 0.44
2027 0.44
2028 0.44
2029 0.44
2030 0.44
2031 0.44
2032 0.44
2033 0.44
2034 0.44
2035 0.44
2036 0.22
2037 0.22
2038 0.22
2039 0.22
2040 0.22
2041 0.22
2042 0.22
2043 0.22
2044 0.22
2045 0.22
2046 0.22
2047 0.22
2048 0.44
2049 0.44
2050 0.44
2051 0.44
2052 0.44
2053 0.44
2054 0.44
2055 0.44
2056 0.44
2057 0.44
2058 0.44
2059 0.44
2060 0.22
2061 0.22
2062 0.22
2063 0.22
2064 0.22
2065 0.22
2066 0.22
2067 0.22
2068 0.22
2069 0.22
2070 0.22
2071 0.22
2072 0.44
2073 0.44
2074 0.44
2075 0.44
2076 0.44
2077 0.44
2078 0.44
2079 0.44
2080 0.44
2081 0.44
2082 0.44
2083 0.44
2084 0.22
2085 0.22
2086 0.22
2087 0.22
2088 0.22
2089 0.22
2090 0.22
2091 0.22
2092 0.22
2093 0.22
2094 0.22
2095 0.22
2096 0.44
2097 0.44
2098 0.44
2099 0.44
2100 0.44
2101 0.44
2102 0.44
2103 0.44
2104 0.44
2105 0.44
2106 0.44
2107 0.44
2108 0.22
2109 0.22
2110 0.22
2111 0.22
2112 0.22
2113 0.22
2114 0.22
2115 0.22
2116 0.22
2117 0.22
2118 0.22
2119 0.22
2120 0.44
2121 0.44
2122 0.44
2123 0.44
2124 0.44
2125 0.44
2126 0.44
2127 0.44
2128 0.44
2129 0.44
2130 0.44
2131 0.44
2132 0.22
2133 0.22
2134 0.22
2135 0.22
2136 0.22
2137 0.22
2138 0.22
2139 0.22
2140 0.22
2141 0.22
2142 0.22
2143 0.22
2144 0.44
2145 0.44
2146 0.44
2147 0.44
2148 0.44
2149 0.44
2150 0.44
2151 0.44
2152 0.44
2153 0.44
2154 0.44
2155 0.44
2156 0.22
2157 0.22
2158 0.22
2159 0.22
2160 0.22
2161 0.22
2162 0.22
2163 0.22
2164 0.22
2165 0.22
2166 0.22
2167 0.22
2168 0.44
2169 0.44
2170 0.44
2171 0.44
2172 0.44
2173 0.44
2174 0.44
2175 0.44
2176 0.44
2177 0.44
2178 0.44
2179 0.44
2180 0.22
2181 0.22
2182 0.22
2183 0.22
2184 0.22
2185 0.22
2186 0.22
2187 0.22
2188 0.22
2189 0.22
2190 0.22
2191 0.22
2192 0.44
2193 0.44
2194 0.44
2195 0.44
2196 0.44
2197 0.44
2198 0.44
2199 0.44
2200 0.44
2201 0.44
2202 0.44
2203 0.44
2204 0.22
2205 0.22
2206 0.22
2207 0.22
2208 0.22
2209 0.22
2210 0.22
2211 0.22
2212 0.22
2213 0.22
2214 0.22
2215 0.22
2216 0.44
2217 0.44
2218 0.44
2219 0.44
2220 0.44
2221 0.44
2222 0.44
2223 0.44
2224 0.44
2225 0.44
2226 0.44
2227 0.44
2228 0.22
2229 0.22
2230 0.22
2231 0.22
2232 0.22
2233 0.22
2234 0.22
2235 0.22
2236 0.22
2237 0.22
2238 0.22
2239 0.22
2240 0.44
2241 0.44
2242 0.44
2243 0.44
2244 0.44
2245 0.44
2246 0.44
2247 0.44
2248 0.44
2249 0.44
2250 0.44
2251 0.44
2252 0.22
2253 0.22
2254 0.22
2255 0.22
2256 0.22
2257 0.22
2258 0.22
2259 0.22
2260 0.22
2261 0.22
2262 0.22
2263 0.22
2264 0.44
2265 0.44
2266 0.44
2267 0.44
2268 0.44
2269 0.44
2270 0.44
2271 0.44
2272 0.44
2273 0.44
2274 0.44
2275 0.44
2276 0.22
2277 0.22
2278 0.22
2279 0.22
2280 0.22
2281 0.22
2282 0.22
2283 0.22
2284 0.22
2285 0.22
2286 0.22
2287 0.22
2288 0.44
2289 0.44
2290 0.44
2291 0.44
2292 0.44
2293 0.44
2294 0.44
2295 0.44
2296 0.44
2297 0.44
2298 0.44
2299 0.44
2300 0.22
2301 0.22
2302 0.22
2303 0.22
2304 0.22
2305 0.22
2306 0.22
2307 0.22
2308 0.22
2309 0.22
2310 0.22
2311 0.22
2312 0.44
2313 0.44
2314 0.44
2315 0.44
2316 0.44
2317 0.44
2318 0.44
2319 0.44
2320 0.44
2321 0.44
2322 0.44
2323 0.44
2324 0.22
2325 0.22
2326 0.22
2327 0.22
2328 0.22
2329 0.22
2330 0.22
2331 0.22
2332 0.22
2333 0.22
2334 0.22
2335 0.22
2336 0.44
2337 0.44
2338 0.44
2339 0.44
2340 0.44
2341 0.44
2342 0.44
2343 0.44
2344 0.44
2345 0.44
2346 0.44
2347 0.44
2348 0.22
2349 0.22
2350 0.22
2351 0.22
2352 0.22
2353 0.22
2354 0.22
2355 0.22
2356 0.22
2357 0.22
2358 0.22
2359 0.22
2360 0.44
2361 0.44
2362 0.44
2363 0.44
2364 0.44
2365 0.44
2366 0.44
2367 0.44
2368 0.44
2369 0.44
2370 0.44
2371 0.44
2372 0.22
2373 0.22
2374 0.22
2375 0.22
2376 0.22
2377 0.22
2378 0.22
2379 0.22
2380 0.22
2381 0.22
2382 0.22
2383 0.22
2384 0.44
2385 0.44
2386 0.44
2387 0.44
2388 0.44
2389 0.44
2390 0.44
2391 0.44
2392 0.44
2393 0.44
2394 0.44
2395 0.44
2396 0.22
2397 0.22
2398 0.22
2399 0.22
2400 0.22
2401 0.22
2402 0.22
2403 0.22
2404 0.22
2405 0.22
2406 0.22
2407 0.22
2408 0.44
2409 0.44
2410 0.44
2411 0.44
2412 0.44
2413 0.44
2414 0.44
2415 0.44
2416 0.44
2417 0.44
2418 0.44
2419 0.44
2420 0.22
2421 0.22
2422 0.22
2423 0.22
2424 0.22
2425 0.22
2426 0.22
2427 0.22
2428 0.22
2429 0.22
2430 0.22
2431 0.22
2432 0.44
2433 0.44
2434 0.44
2435 0.44
2436 0.44
2437 0.44
2438 0.44
2439 0.44
2440 0.44
2441 0.44
2442 0.44
2443 0.44
2444 0.22
2445 0.22
2446 0.22
2447 0.22
2448 0.22
2449 0.22
2450 0.22
2451 0.22
2452 0.22
2453 0.22
2454 0.22
2455 0.22
2456 0.44
2457 0.44
2458 0.44
2459 0.44
2460 0.44
2461 0.44
2462 0.44
2463 0.44
2464 0.44
2465 0.44
2466 0.44
2467 0.44
2468 0.22
2469 0.22
2470 0.22
2471 0.22
2472 0.22
2473 0.22
2474 0.22
2475 0.22
2476 0.22
2477 0.22
2478 0.22
2479 0.22
2480 0.44
2481 0.44
2482 0.44
2483 0.44
2484 0.44
2485 0.44
2486 0.44
2487 0.44
2488 0.44
2489 0.44
2490 0.44
2491 0.44
2492 0.22
2493 0.22
2494 0.22
2495 0.22
2496 0.22
2497 0.22
2498 0.22
2499 0.22
2500 0.22
2501 0.22
2502 0.22
2503 0.22
2504 0.44
2505 0.44
2506 0.44
2507 0.44
2508 0.44
2509 0.44
2510 0.44
2511 0.44
2512 0.44
2513 0.44
2514 0.44
2515 0.44
2516 0.22
2517 0.22
2518 0.22
2519 0.22
2520 0.22
2521 0.22
2522 0.22
2523 0.22
2524 0.22
2525 0.22
2526 0.22
2527 0.22
2528 0.44
2529 0.44
2530 0.44
2531 0.44
2532 0.44
2533 0.44
2534 0.44
2535 0.44
2536 0.44
2537 0.44
2538 0.44
2539 0.44
2540 0.22
2541 0.22
2542 0.22
2543 0.22
2544 0.22
2545 0.22
2546 0.22
2547 0.22
2548 0.22
2549 0.22
2550 0.22
2551 0.22
2552 0.44
2553 0.44
2554 0.44
2555 0.44
2556 0.44
2557 0.44
2558 0.44
2559 0.44
2560 0.44
2561 0.44
2562 0.44
2563 0.44
2564 0.22
2565 0.22
2566 0.22
2567 0.22
2568 0.22
2569 0.22
2570 0.22
2571 0.22
2572 0.22
2573 0.22
2574 0.22
2575 0.22
2576 0.44
2577 0.44
2578 0.44
2579 0.44
2580 0.44
2581 0.44
2582 0.44
2583 0.44
2584 0.44
2585 0.44
2586 0.44
2587 0.44
2588 0.22
2589 0.22
2590 0.22
2591 0.22
2592 0.22
2593 0.22
2594 0.22
2595 0.22
2596 0.22
2597 0.22
2598 0.22
2599 0.22
2600 0.44
2601 0.44
2602 0.44
2603 0.44
2604 0.44
2605 0.44
2606 0.44
2607 0.44
2608 0.44
2609 0.44
2610 0.44
2611 0.44
2612 0.22
2613 0.22
2614 0.22
2615 0.22
2616 0.22
2617 0.22
2618 0.22
2619 0.22
2620 0.22
2621 0.22
2622 0.22
2623 0.22
2624 0.44
2625 0.44
2626 0.44
2627 0.44
2628 0.44
2629 0.44
2630 0.44
2631 0.44
2632 0.44
2633 0.44
2634 0.44
2635 0.44
2636 0.22
2637 0.22
2638 0.22
2639 0.22
2640 0.22
2641 0.22
2642 0.22
2643 0.22
2644 0.22
2645 0.22
2646 0.22
2647 0.22
2648 0.44
2649 0.44
2650 0.44
2651 0.44
2652 0.44
2653 0.44
2654 0.44
2655 0.44
2656 0.44
2657 0.44
2658 0.44
2659 0.44
2660 0.22
2661 0.22
2662 0.22
2663 0.22
2664 0.22
2665 0.22
2666 0.22
2667 0.22
2668 0.22
2669 0.22
2670 0.22
2671 0.22
2672 0.44
2673 0.44
2674 0.44
2675 0.44
2676 0.44
2677 0.44
2678 0.44
2679 0.44
2680 0.44
2681 0.44
2682 0.44
2683 0.44
2684 0.22
2685 0.22
2686 0.22
2687 0.22
2688 0.22
2689 0.22
2690 0.22
2691 0.22
2692 0.22
2693 0.22
2694 0.22
2695 0.22
2696 0.44
2697 0.44
2698 0.44
2699 0.44
2700 0.44
2701 0.44
2702 0.44
2703 0.44
2704 0.44
2705 0.44
2706 0.44
2707 0.44
2708 0.22
2709 0.22
2710 0.22
2711 0.22
2712 0.22
2713 0.22
2714 0.22
2715 0.22
2716 0.22
2717 0.22
2718 0.22
2719 0.22
2720 0.44
2721 0.44
2722 0.44
2723 0.44
2724 0.44
2725 0.44
2726 0.44
2727 0.44
2728 0.44
2729 0.44
2730 0.44
2731 0.44
2732 0.22
2733 0.22
2734 0.22
2735 0.22
2736 0.22
2737 0.22
2738 0.22
2739 0.22
2740 0.22
2741 0.22
2742 0.22
2743 0.22
2744 0.44
2745 0.44
2746 0.44
2747 0.44
2748 0.44
2749 0.44
2750 0.44
2751 0.44
2752 0.44
2753 0.44
2754 0.44
2755 0.44
2756 0.22
2757 0.22
2758 0.22
2759 0.22
2760 0.22
2761 0.22
2762 0.22
2763 0.22
2764 0.22
2765 0.22
2766 0.22
2767 0.22
2768 0.44
2769 0.44
2770 0.44
2771 0.44
2772 0.44
2773 0.44
2774 0.44
2775 0.44
2776 0.44
2777 0.44
2778 0.44
2779 0.44
2780 0.22
2781 0.22
2782 0.22
2783 0.22
2784 0.22
2785 0.22
2786 0.22
2787 0.22
2788 0.22
2789 0.22
2790 0.22
2791 0.22
2792 0.44
2793 0.44
2794 0.44
2795 0.44
2796 0.44
2797 0.44
2798 0.44
2799 0.44
2800 0.44
2801 0.44
2802 0.44
2803 0.44
2804 0.22
2805 0.22
2806 0.22
2807 0.22
2808 0.22
2809 0.22
2810 0.22
2811 0.22
2812 0.22
2813 0.22
2814 0.22
2815 0.22
2816 0.44
2817 0.44
2818 0.44
2819 0.44
2820 0.44
2821 0.44
2822 0.44
2823 0.44
2824 0.44
2825 0.44
2826 0.44
2827 0.44
2828 0.22
2829 0.22
2830 0.22
2831 0.22
2832 0.22
2833 0.22
2834 0.22
2835 0.22
2836 0.22
2837 0.22
2838 0.22
2839 0.22
2840 0.44
2841 0.44
2842 0.44
2843 0.44
2844 0.44
2845 0.44
2846 0.44
2847 0.44
2848 0.44
2849 0.44
2850 0.44
2851 0.44
2852 0.22
2853 0.22
2854 0.22
2855 0.22
2856 0.22
2857 0.22
2858 0.22
2859 0.22
2860 0.22
2861 0.22
2862 0.22
2863 0.22
2864 0.44
2865 0.44
2866 0.44
2867 0.44
2868 0.44
2869 0.44
2870 0.44
2871 0.44
2872 0.44
2873 0.44
2874 0.44
2875 0.44
2876 0.22
2877 0.22
2878 0.22
2879 0.22
2880 0.22
2881 0.22
2882 0.22
2883 0.22
2884 0.22
2885 0.22
2886 0.22
2887 0.22
2888 0.44
2889 0.44
2890 0.44
2891 0.44
2892 0.44
2893 0.44
2894 0.44
2895 0.44
2896 0.44
2897 0.44
2898 0.44
2899 0.44
2900 0.22
2901 0.22
2902 0.22
2903 0.22
2904 0.22
2905 0.22
2906 0.22
2907 0.22
2908 0.22
2909 0.22
2910 0.22
2911 0.22
2912 0.44
2913 0.44
2914 0.44
2915 0.44
2916 0.44
2917 0.44
2918 0.44
2919 0.44
2920 0.44
2921 0.44
2922 0.44
2923 0.44
2924 0.22
2925 0.22
2926 0.22
2927 0.22
2928 0.22
2929 0.22
2930 0.22
2931 0.22
2932 0.22
2933 0.22
2934 0.22
2935 0.22
2936 0.44
2937 0.44
2938 0.44
2939 0.44
2940 0.44
2941 0.44
2942 0.44
2943 0.44
2944 0.44
2945 0.44
2946 0.44
2947 0.44
2948 0.22
2949 0.22
2950 0.22
2951 0.22
2952 0.22
2953 0.22
2954 0.22
2955 0.22
2956 0.22
2957 0.22
2958 0.22
2959 0.22
2960 0.44
2961 0.44
2962 0.44
2963 0.44
2964 0.44
2965 0.44
2966 0.44
2967 0.44
2968 0.44
2969 0.44
2970 0.44
2971 0.44
2972 0.22
2973 0.22
2974 0.22
2975 0.22
2976 0.22
2977 0.22
2978 0.22
2979 0.22
2980 0.22
2981 0.22
2982 0.22
2983 0.22
2984 0.44
2985 0.44
2986 0.44
2987 0.44
2988 0.44
2989 0.44
2990 0.44
2991 0.44
2992 0.44
2993 0.44
2994 0.44
2995 0.44
2996 0.22
2997 0.22
2998 0.22
2999 0.22
3000 0.22
3001 0.22
3002 0.22
3003 0.22
3004 0.22
3005 0.22
3006 0.22
3007 0.22
3008 0.44
3009 0.44
3010 0.44
3011 0.44
3012 0.44
3013 0.44
3014 0.44
3015 0.44
3016 0.44
3017 0.44
3018 0.44
3019 0.44
3020 0.22
3021 0.22
3022 0.22
3023 0.22
3024 0.22
3025 0.22
3026 0.22
3027 0.22
3028 0.22
3029 0.22
3030 0.22
3031 0.22
3032 0.44
3033 0.44
3034 0.44
3035 0.44
3036 0.44
3037 0.44
3038 0.44
3039 0.44
3040 0.44
3041 0.44
3042 0.44
3043 0.44
3044 0.22
3045 0.22
3046 0.22
3047 0.22
3048 0.22
3049 0.22
3050 0.22
3051 0.22
3052 0.22
3053 0.22
3054 0.22
3055 0.22
3056 0.44
3057 0.44
3058 0.44
3059 0.44
3060 0.44
3061 0.44
3062 0.44
3063 0.44
3064 0.44
3065 0.44
3066 0.44
3067 0.44
3068 0.22
3069 0.22
3070 0.22
3071 0.22
3072 0.22
3073 0.22
3074 0.22
3075 0.22
3076 0.22
3077 0.22
3078 0.22
3079 0.22
3080 0.44
3081 0.44
3082 0.44
3083 0.44
3084 0.44
3085 0.44
3086 0.44
3087 0.44
3088 0.44
3089 0.44
3090 0.44
3091 0.44
3092 0.22
3093 0.22
3094 0.22
3095 0.22
3096 0.22
3097 0.22
3098 0.22
3099 0.22
3100 0.22
3101 0.22
3102 0.22
3103 0.22
3104 0.44
3105 0.44
3106 0.44
3107 0.44
3108 0.44
3109 0.44
3110 0.44
3111 0.44
3112 0.44
3113 0.44
3114 0.44
3115 0.44
3116 0.22
3117 0.22
3118 0.22
3119 0.22
3120 0.22
3121 0.22
3122 0.22
3123 0.22
3124 0.22
3125 0.22
3126 0.22
3127 0.22
3128 0.44
3129 0.44
3130 0.44
3131 0.44
3132 0.44
3133 0.44
3134 0.44
3135 0.44
3136 0.44
3137 0.44
3138 0.44
3139 0.44
3140 0.22
3141 0.22
3142 0.22
3143 0.22
3144 0.22
3145 0.22
3146 0.22
3147 0.22
3148 0.22
3149 0.22
3150 0.22
3151 0.22
3152 0.44
3153 0.44
3154 0.44
3155 0.44
3156 0.44
3157 0.44
3158 0.44
3159 0.44
3160 0.44
3161 0.44
3162 0.44
3163 0.44
3164 0.22
3165 0.22
3166 0.22
3167 0.22
3168 0.22
3169 0.22
3170 0.22
3171 0.22
3172 0.22
3173 0.22
3174 0.22
3175 0.22
3176 0.44
3177 0.44
3178 0.44
3179 0.44
3180 0.44
3181 0.44
3182 0.44
3183 0.44
3184 0.44
3185 0.44
3186 0.44
3187 0.44
3188 0.22
3189 0.22
3190 0.22
3191 0.22
3192 0.22
3193 0.22
3194 0.22
3195 0.22
3196 0.22
3197 0.22
3198 0.22
3199 0.22
3200 0.44
3201 0.44
3202 0.44
3203 0.44
3204 0.44
3205 0.44
3206 0.44
3207 0.44
3208 0.44
3209 0.44
3210 0.44
3211 0.44
3212 0.22
3213 0.22
3214 0.22
3215 0.22
3216 0.22
3217 0.22
3218 0.22
3219 0.22
3220 0.22
3221 0.22
3222 0.22
3223 0.22
3224 0.44
3225 0.44
3226 0.44
3227 0.44
3228 0.44
3229 0.44
3230 0.44
3231 0.44
3232 0.44
3233 0.44
3234 0.44
3235 0.44
3236 0.22
3237 0.22
3238 0.22
3239 0.22
3240 0.22
3241 0.22
3242 0.22
3243 0.22
3244 0.22
3245 0.22
3246 0.22
3247 0.22
3248 0.44
3249 0.44
3250 0.44
3251 0.44
3252 0.44
3253 0.44
3254 0.44
3255 0.44
3256 0.44
3257 0.44
3258 0.44
3259 0.44
3260 0.22
3261 0.22
3262 0.22
3263 0.22
3264 0.22
3265 0.22
3266 0.22
3267 0.22
3268 0.22
3269 0.22
3270 0.22
3271 0.22
3272 0.44
3273 0.44
3274 0.44
3275 0.44
3276 0.44
3277 0.44
3278 0.44
3279 0.44
3280 0.44
3281 0.44
3282 0.44
3283 0.44
3284 0.22
3285 0.22
3286 0.22
3287 0.22
3288 0.22
3289 0.22
3290 0.22
3291 0.22
3292 0.22
3293 0.22
3294 0.22
3295 0.22
3296 0.44
3297 0.44
3298 0.44
3299 0.44
3300 0.44
3301 0.44
3302 0.44
3303 0.44
3304 0.44
3305 0.44
3306 0.44
3307 0.44
3308 0.22
3309 0.22
3310 0.22
3311 0.22
3312 0.22
3313 0.22
3314 0.22
3315 0.22
3316 0.22
3317 0.22
3318 0.22
3319 0.22
3320 0.44
3321 0.44
3322 0.44
3323 0.44
3324 0.44
3325 0.44
3326 0.44
3327 0.44
3328 0.44
3329 0.44
3330 0.44
3331 0.44
3332 0.22
3333 0.22
3334 0.22
3335 0.22
3336 0.22
3337 0.22
3338 0.22
3339 0.22
3340 0.22
3341 0.22
3342 0.22
3343 0.22
3344 0.44
3345 0.44
3346 0.44
3347 0.44
3348 0.44
3349 0.44
3350 0.44
3351 0.44
3352 0.44
3353 0.44
3354 0.44
3355 0.44
3356 0.22
3357 0.22
3358 0.22
3359 0.22
3360 0.22
3361 0.22
3362 0.22
3363 0.22
3364 0.22
3365 0.22
3366 0.22
3367 0.22
3368 0.44
3369 0.44
3370 0.44
3371 0.44
3372 0.44
3373 0.44
3374 0.44
3375 0.44
3376 0.44
3377 0.44
3378 0.44
3379 0.44
3380 0.22
3381 0.22
3382 0.22
3383 0.22
3384 0.22
3385 0.22
3386 0.22
3387 0.22
3388 0.22
3389 0.22
3390 0.22
3391 0.22
3392 0.44
3393 0.44
3394 0.44
3395 0.44
3396 0.44
3397 0.44
3398 0.44
3399 0.44
3400 0.44
3401 0.44
3402 0.44
3403 0.44
3404 0.22
3405 0.22
3406 0.22
3407 0.22
3408 0.22
3409 0.22
3410 0.22
3411 0.22
3412 0.22
3413 0.22
3414 0.22
3415 0.22
3416 0.44
3417 0.44
3418 0.44
3419 0.44
3420 0.44
3421 0.44
3422 0.44
3423 0.44
3424 0.44
3425 0.44
3426 0.44
3427 0.44
3428 0.22
3429 0.22
3430 0.22
3431 0.22
3432 0.22
3433 0.22
3434 0.22
3435 0.22
3436 0.22
3437 0.22
3438 0.22
3439 0.22
3440 0.44
3441 0.44
3442 0.44
3443 0.44
3444 0.44
3445 0.44
3446 0.44
3447 0.44
3448 0.44
3449 0.44
3450 0.44
3451 0.44
3452 0.22
3453 0.22
3454 0.22
3455 0.22
3456 0.22
3457 0.22
3458 0.22
3459 0.22
3460 0.22
3461 0.22
3462 0.22
3463 0.22
3464 0.44
3465 0.44
3466 0.44
3467 0.44
3468 0.44
3469 0.44
3470 0.44
3471 0.44
3472 0.44
3473 0.44
3474 0.44
3475 0.44
3476 0.22
3477 0.22
3478 0.22
3479 0.22
3480 0.22
3481 0.22
3482 0.22
3483 0.22
3484 0.22
3485 0.22
3486 0.22
3487 0.22
3488 0.44
3489 0.44
3490 0.44
3491 0.44
3492 0.44
3493 0.44
3494 0.44
3495 0.44
3496 0.44
3497 0.44
3498 0.44
3499 0.44
3500 0.22
3501 0.22
3502 0.22
3503 0.22
3504 0.22
3505 0.22
3506 0.22
3507 0.22
3508 0.22
3509 0.22
3510 0.22
3511 0.22
3512 0.44
3513 0.44
3514 0.44
3515 0.44
3516 0.44
3517 0.44
3518 0.44
3519 0.44
3520 0.44
3521 0.44
3522 0.44
3523 0.44
3524 0.22
3525 0.22
3526 0.22
3527 0.22
3528 0.22
3529 0.22
3530 0.22
3531 0.22
3532 0.22
3533 0.22
3534 0.22
3535 0.22
3536 0.44
3537 0.44
3538 0.44
3539 0.44
3540 0.44
3541 0.44
3542 0.44
3543 0.44
3544 0.44
3545 0.44
3546 0.44
3547 0.44
3548 0.22
3549 0.22
3550 0.22
3551 0.22
3552 0.22
3553 0.22
3554 0.22
3555 0.22
3556 0.22
3557 0.22
3558 0.22
3559 0.22
3560 0.44
3561 0.44
3562 0.44
3563 0.44
3564 0.44
3565 0.44
3566 0.44
3567 0.44
3568 0.44
3569 0.44
3570 0.44
3571 0.44
3572 0.22
3573 0.22
3574 0.22
3575 0.22
3576 0.22
3577 0.22
3578 0.22
3579 0.22
3580 0.22
3581 0.22
3582 0.22
3583 0.22
3584 0.44
3585 0.44
3586 0.44
3587 0.44
3588 0.44
3589 0.44
3590 0.44
3591 0.44
3592 0.44
3593 0.44
3594 0.44
3595 0.44
3596 0.22
3597 0.22
3598 0.22
3599 0.22
3600 0.22
3601 0.22
3602 0.22
3603 0.22
3604 0.22
3605 0.22
3606 0.22
3607 0.22
3608 0.44
3609 0.44
3610 0.44
3611 0.44
3612 0.44
3613 0.44
3614 0.44
3615 0.44
3616 0.44
3617 0.44
3618 0.44
3619 0.44
3620 0.22
3621 0.22
3622 0.22
3623 0.22
3624 0.22
3625 0.22
3626 0.22
3627 0.22
3628 0.22
3629 0.22
3630 0.22
3631 0.22
3632 0.44
3633 0.44
3634 0.44
3635 0.44
3636 0.44
3637 0.44
3638 0.44
3639 0.44
3640 0.44
3641 0.44
3642 0.44
3643 0.44
3644 0.22
3645 0.22
3646 0.22
3647 0.22
3648 0.22
3649 0.22
3650 0.22
3651 0.22
3652 0.22
3653 0.22
3654 0.22
3655 0.22
3656 0.44
3657 0.44
3658 0.44
3659 0.44
3660 0.44
3661 0.44
3662 0.44
3663 0.44
3664 0.44
3665 0.44
3666 0.44
3667 0.44
3668 0.22
3669 0.22
3670 0.22
3671 0.22
3672 0.22
3673 0.22
3674 0.22
3675 0.22
3676 0.22
3677 0.22
3678 0.22
3679 0.22
3680 0.44
3681 0.44
3682 0.44
3683 0.44
3684 0.44
3685 0.44
3686 0.44
3687 0.44
3688 0.44
3689 0.44
3690 0.44
3691 0.44
3692 0.22
3693 0.22
3694 0.22
3695 0.22
3696 0.22
3697 0.22
3698 0.22
3699 0.22
3700 0.22
3701 0.22
3702 0.22
3703 0.22
3704 0.44
3705 0.44
3706 0.44
3707 0.44
3708 0.44
3709 0.44
3710 0.44
3711 0.44
3712 0.44
3713 0.44
3714 0.44
3715 0.44
3716 0.22
3717 0.22
3718 0.22
3719 0.22
3720 0.22
3721 0.22
3722 0.22
3723 0.22
3724 0.22
3725 0.22
3726 0.22
3727 0.22
3728 0.44
3729 0.44
3730 0.44
3731 0.44
3732 0.44
3733 0.44
3734 0.44
3735 0.44
3736 0.44
3737 0.44
3738 0.44
3739 0.44
3740 0.22
3741 0.22
3742 0.22
3743 0.22
3744 0.22
3745 0.22
3746 0.22
3747 0.22
3748 0.22
3749 0.22
3750 0.22
3751 0.22
3752 0.44
3753 0.44
3754 0.44
3755 0.44
3756 0.44
3757 0.44
3758 0.44
3759 0.44
3760 0.44
3761 0.44
3762 0.44
3763 0.44
3764 0.22
3765 0.22
3766 0.22
3767 0.22
3768 0.22
3769 0.22
3770 0.22
3771 0.22
3772 0.22
3773 0.22
3774 0.22
3775 0.22
3776 0.44
3777 0.44
3778 0.44
3779 0.44
3780 0.44
3781 0.44
3782 0.44
3783 0.44
3784 0.44
3785 0.44
3786 0.44
3787 0.44
3788 0.22
3789 0.22
3790 0.22
3791 0.22
3792 0.22
3793 0.22
3794 0.22
3795 0.22
3796 0.22
3797 0.22
3798 0.22
3799 0.22
3800 0.44
3801 0.44
3802 0.44
3803 0.44
3804 0.44
3805 0.44
3806 0.44
3807 0.44
3808 0.44
3809 0.44
3810 0.44
3811 0.44
3812 0.22
3813 0.22
3814 0.22
3815 0.22
3816 0.22
3817 0.22
3818 0.22
3819 0.22
3820 0.22
3821 0.22
3822 0.22
3823 0.22
3824 0.44
3825 0.44
3826 0.44
3827 0.44
3828 0.44
3829 0.44
3830 0.44
3831 0.44
3832 0.44
3833 0.44
3834 0.44
3835 0.44
3836 0.22
3837 0.22
3838 0.22
3839 0.22
3840 0.22
3841 0.22
3842 0.22
3843 0.22
3844 0.22
3845 0.22
3846 0.22
3847 0.22
3848 0.44
3849 0.44
3850 0.44
3851 0.44
3852 0.44
3853 0.44
3854 0.44
3855 0.44
3856 0.44
3857 0.44
3858 0.44
3859 0.44
3860 0.22
3861 0.22
3862 0.22
3863 0.22
3864 0.22
3865 0.22
3866 0.22
3867 0.22
3868 0.22
3869 0.22
3870 0.22
3871 0.22
3872 0.44
3873 0.44
3874 0.44
3875 0.44
3876 0.44
3877 0.44
3878 0.44
3879 0.44
3880 0.44
3881 0.44
3882 0.44
3883 0.44
3884 0.22
3885 0.22
3886 0.22
3887 0.22
3888 0.22
3889 0.22
3890 0.22
3891 0.22
3892 0.22
3893 0.22
3894 0.22
3895 0.22
3896 0.44
3897 0.44
3898 0.44
3899 0.44
3900 0.44
3901 0.44
3902 0.44
3903 0.44
3904 0.44
3905 0.44
3906 0.44
3907 0.44
3908 0.22
3909 0.22
3910 0.22
3911 0.22
3912 0.22
3913 0.22
3914 0.22
3915 0.22
3916 0.22
3917 0.22
3918 0.22
3919 0.22
3920 0.44
3921 0.44
3922 0.44
3923 0.44
3924 0.44
3925 0.44
3926 0.44
3927 0.44
3928 0.44
3929 0.44
3930 0.44
3931 0.44
3932 0.22
3933 0.22
3934 0.22
3935 0.22
3936 0.22
3937 0.22
3938 0.22
3939 0.22
3940 0.22
3941 0.22
3942 0.22
3943 0.22
3944 0.44
3945 0.44
3946 0.44
3947 0.44
3948 0.44
3949 0.44
3950 0.44
3951 0.44
3952 0.44
3953 0.44
3954 0.44
3955 0.44
3956 0.22
3957 0.22
3958 0.22
3959 0.22
3960 0.22
3961 0.22
3962 0.22
3963 0.22
3964 0.22
3965 0.22
3966 0.22
3967 0.22
3968 0.44
3969 0.44
3970 0.44
3971 0.44
3972 0.44
3973 0.44
3974 0.44
3975 0.44
3976 0.44
3977 0.44
3978 0.44
3979 0.44
3980 0.22
3981 0.22
3982 0.22
3983 0.22
3984 0.22
3985 0.22
3986 0.22
3987 0.22
3988 0.22
3989 0.22
3990 0.22
3991 0.22
3992 0.44
3993 0.44
3994 0.44
3995 0.44
3996 0.44
3997 0.44
3998 0.44
3999 0.44
4000 0.44
4001 0.44
4002 0.44
4003 0.44
4004 0.22
4005 0.22
4006 0.22
4007 0.22
4008 0.22
4009 0.22
4010 0.22
4011 0.22
4012 0.22
4013 0.22
4014 0.22
4015 0.22
4016 0.44
4017 0.44
4018 0.44
4019 0.44
4020 0.44
4021 0.44
4022 0.44
4023 0.44
4024 0.44
4025 0.44
4026 0.44
4027 0.44
4028 0.22
4029 0.22
4030 0.22
4031 0.22
4032 0.22
4033 0.22
4034 0.22
4035 0.22
4036 0.22
4037 0.22
4038 0.22
4039 0.22
4040 0.44
4041 0.44
4042 0.44
4043 0.44
4044 0.44
4045 0.44
4046 0.44
4047 0.44
4048 0.44
4049 0.44
4050 0.44
4051 0.44
4052 0.22
4053 0.22
4054 0.22
4055 0.22
4056 0.22
4057 0.22
4058 0.22
4059 0.22
4060 0.22
4061 0.22
4062 0.22
4063 0.22
4064 0.44
4065 0.44
4066 0.44
4067 0.44
4068 0.44
4069 0.44
4070 0.44
4071 0.44
4072 0.44
4073 0.44
4074 0.44
4075 0.44
4076 0.22
4077 0.22
4078 0.22
4079 0.22
4080 0.22
4081 0.22
4082 0.22
4083 0.22
4084 0.22
4085 0.22
4086 0.22
4087 0.22
4088 0.44
4089 0.44
4090 0.44
4091 0.44
4092 0.44
4093 0.44
4094 0.44
4095 0.44
4096 0.44
4097 0.44
4098 0.44
4099 0.44
4100 0.22
4101 0.22
4102 0.22
4103 0.22
4104 0.22
4105 0.22
4106 0.22
4107 0.22
4108 0.22
4109 0.22
4110 0.22
4111 0.22
4112 0.44
4113 0.44
4114 0.44
4115 0.44
4116 0.44
4117 0.44
4118 0.44
4119 0.44
4120 0.44
4121 0.44
4122 0.44
4123 0.44
4124 0.22
4125 0.22
4126 0.22
4127 0.22
4128 0.22
4129 0.22
4130 0.22
4131 0.22
4132 0.22
4133 0.22
4134 0.22
4135 0.22
4136 0.44
4137 0.44
4138 0.44
4139 0.44
4140 0.44
4141 0.44
4142 0.44
4143 0.44
4144 0.44
4145 0.44
4146 0.44
4147 0.44
4148 0.22
4149 0.22
4150 0.22
4151 0.22
4152 0.22
4153 0.22
4154 0.22
4155 0.22
4156 0.22
4157 0.22
4158 0.22
4159 0.22
4160 0.44
4161 0.44
4162 0.44
4163 0.44
4164 0.44
4165 0.44
4166 0.44
4167 0.44
4168 0.44
4169 0.44
4170 0.44
4171 0.44
4172 0.22
4173 0.22
4174 0.22
4175 0.22
4176 0.22
4177 0.22
4178 0.22
4179 0.22
4180 0.22
4181 0.22
4182 0.22
4183 0.22
4184 0.44
4185 0.44
4186 0.44
4187 0.44
4188 0.44
4189 0.44
4190 0.44
4191 0.44
4192 0.44
4193 0.44
4194 0.44
4195 0.44
4196 0.22
4197 0.22
4198 0.22
4199 0.22
4200 0.22
4201 0.22
4202 0.22
4203 0.22
4204 0.22
4205 0.22
4206 0.22
4207 0.22
4208 0.44
4209 0.44
4210 0.44
4211 0.44
4212 0.44
4213 0.44
4214 0.44
4215 0.44
4216 0.44
4217 0.44
4218 0.44
4219 0.44
4220 0.22
4221 0.22
4222 0.22
4223 0.22
4224 0.22
4225 0.22
4226 0.22
4227 0.22
4228 0.22
4229 0.22
4230 0.22
4231 0.22
4232 0.44
4233 0.44
4234 0.44
4235 0.44
4236 0.44
4237 0.44
4238 0.44
4239 0.44
4240 0.44
4241 0.44
4242 0.44
4243 0.44
4244 0.22
4245 0.22
4246 0.22
4247 0.22
4248 0.22
4249 0.22
4250 0.22
4251 0.22
4252 0.22
4253 0.22
4254 0.22
4255 0.22
4256 0.44
4257 0.44
4258 0.44
4259 0.44
4260 0.44
4261 0.44
4262 0.44
4263 0.44
4264 0.44
4265 0.44
4266 0.44
4267 0.44
4268 0.22
4269 0.22
4270 0.22
4271 0.22
4272 0.22
4273 0.22
4274 0.22
4275 0.22
4276 0.22
4277 0.22
4278 0.22
4279 0.22
4280 0.44
4281 0.44
4282 0.44
4283 0.44
4284 0.44
4285 0.44
4286 0.44
4287 0.44
4288 0.44
4289 0.44
4290 0.44
4291 0.44
4292 0.22
4293 0.22
4294 0.22
4295 0.22
4296 0.22
4297 0.22
4298 0.22
4299 0.22
4300 0.22
4301 0.22
4302 0.22
4303 0.22
4304 0.44
4305 0.44
4306 0.44
4307 0.44
4308 0.44
4309 0.44
4310 0.44
4311 0.44
4312 0.44
4313 0.44
4314 0.44
4315 0.44
4316 0.22
4317 0.22
4318 0.22
4319 0.22
4320 0.22
4321 0.22
4322 0.22
4323 0.22
4324 0.22
4325 0.22
4326 0.22
4327 0.22
4328 0.44
4329 0.44
4330 0.44
4331 0.44
4332 0.44
4333 0.44
4334 0.44
4335 0.44
4336 0.44
4337 0.44
4338 0.44
4339 0.44
4340 0.22
4341 0.22
4342 0.22
4343 0.22
4344 0.22
4345 0.22
4346 0.22
4347 0.22
4348 0.22
4349 0.22
4350 0.22
4351 0.22
4352 0.44
4353 0.44
4354 0.44
4355 0.44
4356 0.44
4357 0.44
4358 0.44
4359 0.44
4360 0.44
4361 0.44
4362 0.44
4363 0.44
4364 0.22
4365 0.22
4366 0.22
4367 0.22
4368 0.22
4369 0.22
4370 0.22
4371 0.22
4372 0.22
4373 0.22
4374 0.22
4375 0.22
4376 0.44
4377 0.44
4378 0.44
4379 0.44
4380 0.44
4381 0.44
4382 0.44
4383 0.44
4384 0.44
4385 0.44
4386 0.44
4387 0.44
4388 0.22
4389 0.22
4390 0.22
4391 0.22
4392 0.22
4393 0.22
4394 0.22
4395 0.22
4396 0.22
4397 0.22
4398 0.22
4399 0.22
4400 0.44
4401 0.44
4402 0.44
4403 0.44
4404 0.44
4405 0.44
4406 0.44
4407 0.44
4408 0.44
4409 0.44
4410 0.44
4411 0.44
4412 0.22
4413 0.22
4414 0.22
4415 0.22
4416 0.22
4417 0.22
4418 0.22
4419 0.22
4420 0.22
4421 0.22
4422 0.22
4423 0.22
4424 0.44
4425 0.44
4426 0.44
4427 0.44
4428 0.44
4429 0.44
4430 0.44
4431 0.44
4432 0.44
4433 0.44
4434 0.44
4435 0.44
4436 0.22
4437 0.22
4438 0.22
4439 0.22
4440 0.22
4441 0.22
4442 0.22
4443 0.22
4444 0.22
4445 0.22
4446 0.22
4447 0.22
4448 0.44
4449 0.44
4450 0.44
4451 0.44
4452 0.44
4453 0.44
4454 0.44
4455 0.44
4456 0.44
4457 0.44
4458 0.44
4459 0.44
4460 0.22
4461 0.22
4462 0.22
4463 0.22
4464 0.22
4465 0.22
4466 0.22
4467 0.22
4468 0.22
4469 0.22
4470 0.22
4471 0.22
4472 0.44
4473 0.44
4474 0.44
4475 0.44
4476 0.44
4477 0.44
4478 0.44
4479 0.44
4480 0.44
4481 0.44
4482 0.44
4483 0.44
4484 0.22
4485 0.22
4486 0.22
4487 0.22
4488 0.22
4489 0.22
4490 0.22
4491 0.22
4492 0.22
4493 0.22
4494 0.22
4495 0.22
4496 0.44
4497 0.44
4498 0.44
4499 0.44
4500 0.44
4501 0.44
4502 0.44
4503 0.44
4504 0.44
4505 0.44
4506 0.44
4507 0.44
4508 0.22
4509 0.22
4510 0.22
4511 0.22
4512 0.22
4513 0.22
4514 0.22
4515 0.22
4516 0.22
4517 0.22
4518 0.22
4519 0.22
4520 0.44
4521 0.44
4522 0.44
4523 0.44
4524 0.44
4525 0.44
4526 0.44
4527 0.44
4528 0.44
4529 0.44
4530 0.44
4531 0.44
4532 0.22
4533 0.22
4534 0.22
4535 0.22
4536 0.22
4537 0.22
4538 0.22
4539 0.22
4540 0.22
4541 0.22
4542 0.22
4543 0.22
4544 0.44
4545 0.44
4546 0.44
4547 0.44
4548 0.44
4549 0.44
4550 0.44
4551 0.44
4552 0.44
4553 0.44
4554 0.44
4555 0.44
4556 0.22
4557 0.22
4558 0.22
4559 0.22
4560 0.22
4561 0.22
4562 0.22
4563 0.22
4564 0.22
4565 0.22
4566 0.22
4567 0.22
4568 0.44
4569 0.44
4570 0.44
4571 0.44
4572 0.44
4573 0.44
4574 0.44
4575 0.44
4576 0.44
4577 0.44
4578 0.44
4579 0.44
4580 0.22
4581 0.22
4582 0.22
4583 0.22
4584 0.22
4585 0.22
4586 0.22
4587 0.22
4588 0.22
4589 0.22
4590 0.22
4591 0.22
4592 0.44
4593 0.44
4594 0.44
4595 0.44
4596 0.44
4597 0.44
4598 0.44
4599 0.44
4600 0.44
4601 0.44
4602 0.44
4603 0.44
4604 0.22
4605 0.22
4606 0.22
4607 0.22
4608 0.22
4609 0.22
4610 0.22
4611 0.22
4612 0.22
4613 0.22
4614 0.22
4615 0.22
4616 0.44
4617 0.44
4618 0.44
4619 0.44
4620 0.44
4621 0.44
4622 0.44
4623 0.44
4624 0.44
4625 0.44
4626 0.44
4627 0.44
4628 0.22
4629 0.22
4630 0.22
4631 0.22
4632 0.22
4633 0.22
4634 0.22
4635 0.22
4636 0.22
4637 0.22
4638 0.22
4639 0.22
4640 0.44
4641 0.44
4642 0.44
4643 0.44
4644 0.44
4645 0.44
4646 0.44
4647 0.44
4648 0.44
4649 0.44
4650 0.44
4651 0.44
4652 0.22
4653 0.22
4654 0.22
4655 0.22
4656 0.22
4657 0.22
4658 0.22
4659 0.22
4660 0.22
4661 0.22
4662 0.22
4663 0.22
4664 0.44
4665 0.44
4666 0.44
4667 0.44
4668 0.44
4669 0.44
4670 0.44
4671 0.44
4672 0.44
4673 0.44
4674 0.44
4675 0.44
4676 0.22
4677 0.22
4678 0.22
4679 0.22
4680 0.22
4681 0.22
4682 0.22
4683 0.22
4684 0.22
4685 0.22
4686 0.22
4687 0.22
4688 0.44
4689 0.44
4690 0.44
4691 0.44
4692 0.44
4693 0.44
4694 0.44
4695 0.44
4696 0.44
4697 0.44
4698 0.44
4699 0.44
4700 0.22
4701 0.22
4702 0.22
4703 0.22
4704 0.22
4705 0.22
4706 0.22
4707 0.22
4708 0.22
4709 0.22
4710 0.22
4711 0.22
4712 0.44
4713 0.44
4714 0.44
4715 0.44
4716 0.44
4717 0.44
4718 0.44
4719 0.44
4720 0.44
4721 0.44
4722 0.44
4723 0.44
4724 0.22
4725 0.22
4726 0.22
4727 0.22
4728 0.22
4729 0.22
4730 0.22
4731 0.22
4732 0.22
4733 0.22
4734 0.22
4735 0.22
4736 0.44
4737 0.44
4738 0.44
4739 0.44
4740 0.44
4741 0.44
4742 0.44
4743 0.44
4744 0.44
4745 0.44
4746 0.44
4747 0.44
4748 0.22
4749 0.22
4750 0.22
4751 0.22
4752 0.22
4753 0.22
4754 0.22
4755 0.22
4756 0.22
4757 0.22
4758 0.22
4759 0.22
4760 0.44
4761 0.44
4762 0.44
4763 0.44
4764 0.44
4765 0.44
4766 0.44
4767 0.44
4768 0.44
4769 0.44
4770 0.44
4771 0.44
4772 0.22
4773 0.22
4774 0.22
4775 0.22
4776 0.22
4777 0.22
4778 0.22
4779 0.22
4780 0.22
4781 0.22
4782 0.22
4783 0.22
4784 0.44
4785 0.44
4786 0.44
4787 0.44
4788 0.44
4789 0.44
4790 0.44
4791 0.44
4792 0.44
4793 0.44
4794 0.44
4795 0.44
4796 0.22
4797 0.22
4798 0.22
4799 0.22
4800 0.22
4801 0.22
4802 0.22
4803 0.22
4804 0.22
4805 0.22
4806 0.22
4807 0.22
4808 0.44
4809 0.44
4810 0.44
4811 0.44
4812 0.44
4813 0.44
4814 0.44
4815 0.44
4816 0.44
4817 0.44
4818 0.44
4819 0.44
4820 0.22
4821 0.22
4822 0.22
4823 0.22
4824 0.22
4825 0.22
4826 0.22
4827 0.22
4828 0.22
4829 0.22
4830 0.22
4831 0.22
4832 0.44
4833 0.44
4834 0.44
4835 0.44
4836 0.44
4837 0.44
4838 0.44
4839 0.44
4840 0.44
4841 0.44
4842 0.44
4843 0.44
4844 0.22
4845 0.22
4846 0.22
4847 0.22
4848 0.22
4849 0.22
4850 0.22
4851 0.22
4852 0.22
4853 0.22
4854 0.22
4855 0.22
4856 0.44
4857 0.44
4858 0.44
4859 0.44
4860 0.44
4861 0.44
4862 0.44
4863 0.44
4864 0.44
4865 0.44
4866 0.44
4867 0.44
4868 0.22
4869 0.22
4870 0.22
4871 0.22
4872 0.22
4873 0.22
4874 0.22
4875 0.22
4876 0.22
4877 0.22
4878 0.22
4879 0.22
4880 0.44
4881 0.44
4882 0.44
4883 0.44
4884 0.44
4885 0.44
4886 0.44
4887 0.44
4888 0.44
4889 0.44
4890 0.44
4891 0.44
4892 0.22
4893 0.22
4894 0.22
4895 0.22
4896 0.22
4897 0.22
4898 0.22
4899 0.22
4900 0.22
4901 0.22
4902 0.22
4903 0.22
4904 0.44
4905 0.44
4906 0.44
4907 0.44
4908 0.44
4909 0.44
4910 0.44
4911 0.44
4912 0.44
4913 0.44
4914 0.44
4915 0.44
4916 0.22
4917 0.22
4918 0.22
4919 0.22
4920 0.22
4921 0.22
4922 0.22
4923 0.22
4924 0.22
4925 0.22
4926 0.22
4927 0.22
4928 0.44
4929 0.44
4930 0.44
4931 0.44
4932 0.44
4933 0.44
4934 0.44
4935 0.44
4936 0.44
4937 0.44
4938 0.44
4939 0.44
4940 0.22
4941 0.22
4942 0.22
4943 0.22
4944 0.22
4945 0.22
4946 0.22
4947 0.22
4948 0.22
4949 0.22
4950 0.22
4951 0.22
4952 0.44
4953 0.44
4954 0.44
4955 0.44
4956 0.44
4957 0.44
4958 0.44
4959 0.44
4960 0.44
4961 0.44
4962 0.44
4963 0.44
4964 0.22
4965 0.22
4966 0.22
4967 0.22
4968 0.22
4969 0.22
4970 0.22
4971 0.22
4972 0.22
4973 0.22
4974 0.22
4975 0.22
4976 0.44
4977 0.44
4978 0.44
4979 0.44
4980 0.44
4981 0.44
4982 0.44
4983 0.44
4984 0.44
4985 0.44
4986 0.44
4987 0.44
4988 0.22
4989 0.22
4990 0.22
4991 0.22
4992 0.22
4993 0.22
4994 0.22
4995 0.22
4996 0.22
4997 0.22
4998 0.22
4999 0.22
5000 0.44
5001 0.44
5002 0.44
5003 0.44
5004 0.44
5005 0.44
5006 0.44
5007 0.44
5008 0.44
5009 0.44
5010 0.44
5011 0.44
5012 0.22
5013 0.22
5014 0.22
5015 0.22
5016 0.22
5017 0.22
5018 0.22
5019 0.22
5020 0.22
5021 0.22
5022 0.22
5023 0.22
5024 0.44
5025 0.44
5026 0.44
5027 0.44
5028 0.44
5029 0.44
5030 0.44
5031 0.44
5032 0.44
5033 0.44
5034 0.44
5035 0.44
5036 0.22
5037 0.22
5038 0.22
5039 0.22
5040 0.22
5041 0.22
5042 0.22
5043 0.22
5044 0.22
5045 0.22
5046 0.22
5047 0.22
5048 0.44
5049 0.44
5050 0.44
5051 0.44
5052 0.44
5053 0.44
5054 0.44
5055 0.44
5056 0.44
5057 0.44
5058 0.44
5059 0.44
5060 0.22
5061 0.22
5062 0.22
5063 0.22
5064 0.22
5065 0.22
5066 0.22
5067 0.22
5068 0.22
5069 0.22
5070 0.22
5071 0.22
5072 0.44
5073 0.44
5074 0.44
5075 0.44
5076 0.44
5077 0.44
5078 0.44
5079 0.44
5080 0.44
5081 0.44
5082 0.44
5083 0.44
5084 0.22
5085 0.22
5086 0.22
5087 0.22
5088 0.22
5089 0.22
5090 0.22
5091 0.22
5092 0.22
5093 0.22
5094 0.22
5095 0.22
5096 0.44
5097 0.44
5098 0.44
5099 0.44
5100 0.44
5101 0.44
5102 0.44
5103 0.44
5104 0.44
5105 0.44
5106 0.44
5107 0.44
5108 0.22
5109 0.22
5110 0.22
5111 0.22
5112 0.22
5113 0.22
5114 0.22
5115 0.22
5116 0.22
5117 0.22
5118 0.22
5119 0.22
5120 0.44
5121 0.44
5122 0.44
5123 0.44
5124 0.44
5125 0.44
5126 0.44
5127 0.44
5128 0.44
5129 0.44
5130 0.44
5131 0.44
5132 0.22
5133 0.22
5134 0.22
5135 0.22
5136 0.22
5137 0.22
5138 0.22
5139 0.22
5140 0.22
5141 0.22
5142 0.22
5143 0.22
5144 0.44
5145 0.44
5146 0.44
5147 0.44
5148 0.44
5149 0.44
5150 0.44
5151 0.44
5152 0.44
5153 0.44
5154 0.44
5155 0.44
5156 0.22
5157 0.22
5158 0.22
5159 0.22
5160 0.22
5161 0.22
5162 0.22
5163 0.22
5164 0.22
5165 0.22
5166 0.22
5167 0.22
5168 0.44
5169 0.44
5170 0.44
5171 0.44
5172 0.44
5173 0.44
5174 0.44
5175 0.44
5176 0.44
5177 0.44
5178 0.44
5179 0.44
5180 0.22
5181 0.22
5182 0.22
5183 0.22
5184 0.22
5185 0.22
5186 0.22
5187 0.22
5188 0.22
5189 0.22
5190 0.22
5191 0.22
5192 0.44
5193 0.44
5194 0.44
5195 0.44
5196 0.44
5197 0.44
5198 0.44
5199 0.44
5200 0.44
5201 0.44
5202 0.44
5203 0.44
5204 0.22
5205 0.22
5206 0.22
5207 0.22
5208 0.22
5209 0.22
5210 0.22
5211 0.22
5212 0.22
5213 0.22
5214 0.22
5215 0.22
5216 0.44
5217 0.44
5218 0.44
5219 0.44
5220 0.44
5221 0.44
5222 0.44
5223 0.44
5224 0.44
5225 0.44
5226 0.44
5227 0.44
5228 0.22
5229 0.22
5230 0.22
5231 0.22
5232 0.22
5233 0.22
5234 0.22
5235 0.22
5236 0.22
5237 0.22
5238 0.22
5239 0.22
5240 0.44
5241 0.44
5242 0.44
5243 0.44
5244 0.44
5245 0.44
5246 0.44
5247 0.44
5248 0.44
5249 0.44
5250 0.44
5251 0.44
5252 0.22
5253 0.22
5254 0.22
5255 0.22
5256 0.22
5257 0.22
5258 0.22
5259 0.22
5260 0.22
5261 0.22
5262 0.22
5263 0.22
5264 0.44
5265 0.44
5266 0.44
5267 0.44
5268 0.44
5269 0.44
5270 0.44
5271 0.44
5272 0.44
5273 0.44
5274 0.44
5275 0.44
5276 0.22
5277 0.22
5278 0.22
5279 0.22
5280 0.22
5281 0.22
5282 0.22
5283 0.22
5284 0.22
5285 0.22
5286 0.22
5287 0.22
5288 0.44
5289 0.44
5290 0.44
5291 0.44
5292 0.44
5293 0.44
5294 0.44
5295 0.44
5296 0.44
5297 0.44
5298 0.44
5299 0.44
5300 0.22
5301 0.22
5302 0.22
5303 0.22
5304 0.22
5305 0.22
5306 0.22
5307 0.22
5308 0.22
5309 0.22
5310 0.22
5311 0.22
5312 0.44
5313 0.44
5314 0.44
5315 0.44
5316 0.44
5317 0.44
5318 0.44
5319 0.44
5320 0.44
5321 0.44
5322 0.44
5323 0.44
5324 0.22
5325 0.22
5326 0.22
5327 0.22
5328 0.22
5329 0.22
5330 0.22
5331 0.22
5332 0.22
5333 0.22
5334 0.22
5335 0.22
5336 0.44
5337 0.44
5338 0.44
5339 0.44
5340 0.44
5341 0.44
5342 0.44
5343 0.44
5344 0.44
5345 0.44
5346 0.44
5347 0.44
5348 0.22
5349 0.22
5350 0.22
5351 0.22
5352 0.22
5353 0.22
5354 0.22
5355 0.22
5356 0.22
5357 0.22
5358 0.22
5359 0.22
5360 0.44
5361 0.44
5362 0.44
5363 0.44
5364 0.44
5365 0.44
5366 0.44
5367 0.44
5368 0.44
5369 0.44
5370 0.44
5371 0.44
5372 0.22
5373 0.22
5374 0.22
5375 0.22
5376 0.22
5377 0.22
5378 0.22
5379 0.22
5380 0.22
5381 0.22
5382 0.22
5383 0.22
5384 0.44
5385 0.44
5386 0.44
5387 0.44
5388 0.44
5389 0.44
5390 0.44
5391 0.44
5392 0.44
5393 0.44
5394 0.44
5395 0.44
5396 0.22
5397 0.22
5398 0.22
5399 0.22
5400 0.22
5401 0.22
5402 0.22
5403 0.22
5404 0.22
5405 0.22
5406 0.22
5407 0.22
5408 0.44
5409 0.44
5410 0.44
5411 0.44
5412 0.44
5413 0.44
5414 0.44
5415 0.44
5416 0.44
5417 0.44
5418 0.44
5419 0.44
5420 0.22
5421 0.22
5422 0.22
5423 0.22
5424 0.22
5425 0.22
5426 0.22
5427 0.22
5428 0.22
5429 0.22
5430 0.22
5431 0.22
5432 0.44
5433 0.44
5434 0.44
5435 0.44
5436 0.44
5437 0.44
5438 0.44
5439 0.44
5440 0.44
5441 0.44
5442 0.44
5443 0.44
5444 0.22
5445 0.22
5446 0.22
5447 0.22
5448 0.22
5449 0.22
5450 0.22
5451 0.22
5452 0.22
5453 0.22
5454 0.22
5455 0.22
5456 0.44
5457 0.44
5458 0.44
5459 0.44
5460 0.44
5461 0.44
5462 0.44
5463 0.44
5464 0.44
5465 0.44
5466 0.44
5467 0.44
5468 0.22
5469 0.22
5470 0.22
5471 0.22
5472 0.22
5473 0.22
5474 0.22
5475 0.22
5476 0.22
5477 0.22
5478 0.22
5479 0.22
5480 0.44
5481 0.44
5482 0.44
5483 0.44
5484 0.44
5485 0.44
5486 0.44
5487 0.44
5488 0.44
5489 0.44
5490 0.44
5491 0.44
5492 0.22
5493 0.22
5494 0.22
5495 0.22
5496 0.22
5497 0.22
5498 0.22
5499 0.22
5500 0.22
5501 0.22
5502 0.22
5503 0.22
5504 0.44
5505 0.44
5506 0.44
5507 0.44
5508 0.44
5509 0.44
5510 0.44
5511 0.44
5512 0.44
5513 0.44
5514 0.44
5515 0.44
5516 0.22
5517 0.22
5518 0.22
5519 0.22
5520 0.22
5521 0.22
5522 0.22
5523 0.22
5524 0.22
5525 0.22
5526 0.22
5527 0.22
5528 0.44
5529 0.44
5530 0.44
5531 0.44
5532 0.44
5533 0.44
5534 0.44
5535 0.44
5536 0.44
5537 0.44
5538 0.44
5539 0.44
5540 0.22
5541 0.22
5542 0.22
5543 0.22
5544 0.22
5545 0.22
5546 0.22
5547 0.22
5548 0.22
5549 0.22
5550 0.22
5551 0.22
5552 0.44
5553 0.44
5554 0.44
5555 0.44
5556 0.44
5557 0.44
5558 0.44
5559 0.44
5560 0.44
5561 0.44
5562 0.44
5563 0.44
5564 0.22
5565 0.22
5566 0.22
5567 0.22
5568 0.22
5569 0.22
5570 0.22
5571 0.22
5572 0.22
5573 0.22
5574 0.22
5575 0.22
5576 0.44
5577 0.44
5578 0.44
5579 0.44
5580 0.44
5581 0.44
5582 0.44
5583 0.44
5584 0.44
5585 0.44
5586 0.44
5587 0.44
5588 0.22
5589 0.22
5590 0.22
5591 0.22
5592 0.22
5593 0.22
5594 0.22
5595 0.22
5596 0.22
5597 0.22
5598 0.22
5599 0.22
5600 0.44
5601 0.44
5602 0.44
5603 0.44
5604 0.44
5605 0.44
5606 0.44
5607 0.44
5608 0.44
5609 0.44
5610 0.44
5611 0.44
5612 0.22
5613 0.22
5614 0.22
5615 0.22
5616 0.22
5617 0.22
5618 0.22
5619 0.22
5620 0.22
5621 0.22
5622 0.22
5623 0.22
5624 0.44
5625 0.44
5626 0.44
5627 0.44
5628 0.44
5629 0.44
5630 0.44
5631 0.44
5632 0.44
5633 0.44
5634 0.44
5635 0.44
5636 0.22
5637 0.22
5638 0.22
5639 0.22
5640 0.22
5641 0.22
5642 0.22
5643 0.22
5644 0.22
5645 0.22
5646 0.22
5647 0.22
5648 0.44
5649 0.44
5650 0.44
5651 0.44
5652 0.44
5653 0.44
5654 0.44
5655 0.44
5656 0.44
5657 0.44
5658 0.44
5659 0.44
5660 0.22
5661 0.22
5662 0.22
5663 0.22
5664 0.22
5665 0.22
5666 0.22
5667 0.22
5668 0.22
5669 0.22
5670 0.22
5671 0.22
5672 0.44
5673 0.44
5674 0.44
5675 0.44
5676 0.44
5677 0.44
5678 0.44
5679 0.44
5680 0.44
5681 0.44
5682 0.44
5683 0.44
5684 0.22
5685 0.22
5686 0.22
5687 0.22
5688 0.22
5689 0.22
5690 0.22
5691 0.22
5692 0.22
5693 0.22
5694 0.22
5695 0.22
5696 0.44
5697 0.44
5698 0.44
5699 0.44
5700 0.44
5701 0.44
5702 0.44
5703 0.44
5704 0.44
5705 0.44
5706 0.44
5707 0.44
5708 0.22
5709 0.22
5710 0.22
5711 0.22
5712 0.22
5713 0.22
5714 0.22
5715 0.22
5716 0.22
5717 0.22
5718 0.22
5719 0.22
5720 0.44
5721 0.44
5722 0.44
5723 0.44
5724 0.44
5725 0.44
5726 0.44
5727 0.44
5728 0.44
5729 0.44
5730 0.44
5731 0.44
5732 0.22
5733 0.22
5734 0.22
5735 0.22
5736 0.22
5737 0.22
5738 0.22
5739 0.22
5740 0.22
5741 0.22
5742 0.22
5743 0.22
5744 0.44
5745 0.44
5746 0.44
5747 0.44
5748 0.44
5749 0.44
5750 0.44
5751 0.44
5752 0.44
5753 0.44
5754 0.44
5755 0.44
5756 0.22
5757 0.22
5758 0.22
5759 0.22
5760 0.22
5761 0.22
5762 0.22
5763 0.22
5764 0.22
5765 0.22
5766 0.22
5767 0.22
5768 0.44
5769 0.44
5770 0.44
5771 0.44
5772 0.44
5773 0.44
5774 0.44
5775 0.44
5776 0.44
5777 0.44
5778 0.44
5779 0.44
5780 0.22
5781 0.22
5782 0.22
5783 0.22
5784 0.22
5785 0.22
5786 0.22
5787 0.22
5788 0.22
5789 0.22
5790 0.22
5791 0.22
5792 0.44
5793 0.44
5794 0.44
5795 0.44
5796 0.44
5797 0.44
5798 0.44
5799 0.44
5800 0.44
5801 0.44
5802 0.44
5803 0.44
5804 0.22
5805 0.22
5806 0.22
5807 0.22
5808 0.22
5809 0.22
5810 0.22
5811 0.22
5812 0.22
5813 0.22
5814 0.22
5815 0.22
5816 0.44
5817 0.44
5818 0.44
5819 0.44
5820 0.44
5821 0.44
5822 0.44
5823 0.44
5824 0.44
5825 0.44
5826 0.44
5827 0.44
5828 0.22
5829 0.22
5830 0.22
5831 0.22
5832 0.22
5833 0.22
5834 0.22
5835 0.22
5836 0.22
5837 0.22
5838 0.22
5839 0.22
5840 0.44
5841 0.44
5842 0.44
5843 0.44
5844 0.44
5845 0.44
5846 0.44
5847 0.44
5848 0.44
5849 0.44
5850 0.44
5851 0.44
5852 0.22
5853 0.22
5854 0.22
5855 0.22
5856 0.22
5857 0.22
5858 0.22
5859 0.22
5860 0.22
5861 0.22
5862 0.22
5863 0.22
5864 0.44
5865 0.44
5866 0.44
5867 0.44
5868 0.44
5869 0.44
5870 0.44
5871 0.44
5872 0.44
5873 0.44
5874 0.44
5875 0.44
5876 0.22
5877 0.22
5878 0.22
5879 0.22
5880 0.22
5881 0.22
5882 0.22
5883 0.22
5884 0.22
5885 0.22
5886 0.22
5887 0.22
5888 0.44
5889 0.44
5890 0.44
5891 0.44
5892 0.44
5893 0.44
5894 0.44
5895 0.44
5896 0.44
5897 0.44
5898 0.44
5899 0.44
5900 0.22
5901 0.22
5902 0.22
5903 0.22
5904 0.22
5905 0.22
5906 0.22
5907 0.22
5908 0.22
5909 0.22
5910 0.22
5911 0.22
5912 0.44
5913 0.44
5914 0.44
5915 0.44
5916 0.44
5917 0.44
5918 0.44
5919 0.44
5920 0.44
5921 0.44
5922 0.44
5923 0.44
5924 0.22
5925 0.22
5926 0.22
5927 0.22
5928 0.22
5929 0.22
5930 0.22
5931 0.22
5932 0.22
5933 0.22
5934 0.22
5935 0.22
5936 0.44
5937 0.44
5938 0.44
5939 0.44
5940 0.44
5941 0.44
5942 0.44
5943 0.44
5944 0.44
5945 0.44
5946 0.44
5947 0.44
5948 0.22
5949 0.22
5950 0.22
5951 0.22
5952 0.22
5953 0.22
5954 0.22
5955 0.22
5956 0.22
5957 0.22
5958 0.22
5959 0.22
5960 0.44
5961 0.44
5962 0.44
5963 0.44
5964 0.44
5965 0.44
5966 0.44
5967 0.44
5968 0.44
5969 0.44
5970 0.44
5971 0.44
5972 0.22
5973 0.22
5974 0.22
5975 0.22
5976 0.22
5977 0.22
5978 0.22
5979 0.22
5980 0.22
5981 0.22
5982 0.22
5983 0.22
5984 0.44
5985 0.44
5986 0.44
5987 0.44
5988 0.44
5989 0.44
5990 0.44
5991 0.44
5992 0.44
5993 0.44
5994 0.44
5995 0.44
5996 0.22
5997 0.22
5998 0.22
5999 0.22
6000 0.22
6001 0.22
6002 0.22
6003 0.22
6004 0.22
6005 0.22
6006 0.22
6007 0.22
6008 0.44
6009 0.44
6010 0.44
6011 0.44
6012 0.44
6013 0.44
6014 0.44
6015 0.44
6016 0.44
6017 0.44
6018 0.44
6019 0.44
6020 0.22
6021 0.22
6022 0.22
6023 0.22
6024 0.22
6025 0.22
6026 0.22
6027 0.22
6028 0.22
6029 0.22
6030 0.22
6031 0.22
6032 0.44
6033 0.44
6034 0.44
6035 0.44
6036 0.44
6037 0.44
6038 0.44
6039 0.44
6040 0.44
6041 0.44
6042 0.44
6043 0.44
6044 0.22
6045 0.22
6046 0.22
6047 0.22
6048 0.22
6049 0.22
6050 0.22
6051 0.22
6052 0.22
6053 0.22
6054 0.22
6055 0.22
6056 0.44
6057 0.44
6058 0.44
6059 0.44
6060 0.44
6061 0.44
6062 0.44
6063 0.44
6064 0.44
6065 0.44
6066 0.44
6067 0.44
6068 0.22
6069 0.22
6070 0.22
6071 0.22
6072 0.22
6073 0.22
6074 0.22
6075 0.22
6076 0.22
6077 0.22
6078 0.22
6079 0.22
6080 0.44
6081 0.44
6082 0.44
6083 0.44
6084 0.44
6085 0.44
6086 0.44
6087 0.44
6088 0.44
6089 0.44
6090 0.44
6091 0.44
6092 0.22
6093 0.22
6094 0.22
6095 0.22
6096 0.22
6097 0.22
6098 0.22
6099 0.22
6100 0.22
6101 0.22
6102 0.22
6103 0.22
6104 0.44
6105 0.44
6106 0.44
6107 0.44
6108 0.44
6109 0.44
6110 0.44
6111 0.44
6112 0.44
6113 0.44
6114 0.44
6115 0.44
6116 0.22
6117 0.22
6118 0.22
6119 0.22
6120 0.22
6121 0.22
6122 0.22
6123 0.22
6124 0.22
6125 0.22
6126 0.22
6127 0.22
6128 0.44
6129 0.44
6130 0.44
6131 0.44
6132 0.44
6133 0.44
6134 0.44
6135 0.44
6136 0.44
6137 0.44
6138 0.44
6139 0.44
6140 0.22
6141 0.22
6142 0.22
6143 0.22
6144 0.22
6145 0.22
6146 0.22
6147 0.22
6148 0.22
6149 0.22
6150 0.22
6151 0.22
6152 0.44
6153 0.44
6154 0.44
6155 0.44
6156 0.44
6157 0.44
6158 0.44
6159 0.44
6160 0.44
6161 0.44
6162 0.44
6163 0.44
6164 0.22
6165 0.22
6166 0.22
6167 0.22
6168 0.22
6169 0.22
6170 0.22
6171 0.22
6172 0.22
6173 0.22
6174 0.22
6175 0.22
6176 0.44
6177 0.44
6178 0.44
6179 0.44
6180 0.44
6181 0.44
6182 0.44
6183 0.44
6184 0.44
6185 0.44
6186 0.44
6187 0.44
6188 0.22
6189 0.22
6190 0.22
6191 0.22
6192 0.22
6193 0.22
6194 0.22
6195 0.22
6196 0.22
6197 0.22
6198 0.22
6199 0.22
6200 0.44
6201 0.44
6202 0.44
6203 0.44
6204 0.44
6205 0.44
6206 0.44
6207 0.44
6208 0.44
6209 0.44
6210 0.44
6211 0.44
6212 0.22
6213 0.22
6214 0.22
6215 0.22
6216 0.22
6217 0.22
6218 0.22
6219 0.22
6220 0.22
6221 0.22
6222 0.22
6223 0.22
6224 0.44
6225 0.44
6226 0.44
6227 0.44
6228 0.44
6229 0.44
6230 0.44
6231 0.44
6232 0.44
6233 0.44
6234 0.44
6235 0.44
6236 0.22
6237 0.22
6238 0.22
6239 0.22
6240 0.22
6241 0.22
6242 0.22
6243 0.22
6244 0.22
6245 0.22
6246 0.22
6247 0.22
6248 0.44
6249 0.44
6250 0.44
6251 0.44
6252 0.44
6253 0.44
6254 0.44
6255 0.44
6256 0.44
6257 0.44
6258 0.44
6259 0.44
6260 0.22
6261 0.22
6262 0.22
6263 0.22
6264 0.22
6265 0.22
6266 0.22
6267 0.22
6268 0.22
6269 0.22
6270 0.22
6271 0.22
6272 0.44
6273 0.44
6274 0.44
6275 0.44
6276 0.44
6277 0.44
6278 0.44
6279 0.44
6280 0.44
6281 0.44
6282 0.44
6283 0.44
6284 0.22
6285 0.22
6286 0.22
6287 0.22
6288 0.22
6289 0.22
6290 0.22
6291 0.22
6292 0.22
6293 0.22
6294 0.22
6295 0.22
6296 0.44
6297 0.44
6298 0.44
6299 0.44
6300 0.44
6301 0.44
6302 0.44
6303 0.44
6304 0.44
6305 0.44
6306 0.44
6307 0.44
6308 0.22
6309 0.22
6310 0.22
6311 0.22
6312 0.22
6313 0.22
6314 0.22
6315 0.22
6316 0.22
6317 0.22
6318 0.22
6319 0.22
6320 0.44
6321 0.44
6322 0.44
6323 0.44
6324 0.44
6325 0.44
6326 0.44
6327 0.44
6328 0.44
6329 0.44
6330 0.44
6331 0.44
6332 0.22
6333 0.22
6334 0.22
6335 0.22
6336 0.22
6337 0.22
6338 0.22
6339 0.22
6340 0.22
6341 0.22
6342 0.22
6343 0.22
6344 0.44
6345 0.44
6346 0.44
6347 0.44
6348 0.44
6349 0.44
6350 0.44
6351 0.44
6352 0.44
6353 0.44
6354 0.44
6355 0.44
6356 0.22
6357 0.22
6358 0.22
6359 0.22
6360 0.22
6361 0.22
6362 0.22
6363 0.22
6364 0.22
6365 0.22
6366 0.22
6367 0.22
6368 0.44
6369 0.44
6370 0.44
6371 0.44
6372 0.44
6373 0.44
6374 0.44
6375 0.44
6376 0.44
6377 0.44
6378 0.44
6379 0.44
6380 0.22
6381 0.22
6382 0.22
6383 0.22
6384 0.22
6385 0.22
6386 0.22
6387 0.22
6388 0.22
6389 0.22
6390 0.22
6391 0.22
6392 0.44
6393 0.44
6394 0.44
6395 0.44
6396 0.44
6397 0.44
6398 0.44
6399 0.44
6400 0.44
6401 0.44
6402 0.44
6403 0.44
6404 0.22
6405 0.22
6406 0.22
6407 0.22
6408 0.22
6409 0.22
6410 0.22
6411 0.22
6412 0.22
6413 0.22
6414 0.22
6415 0.22
6416 0.44
6417 0.44
6418 0.44
6419 0.44
6420 0.44
6421 0.44
6422 0.44
6423 0.44
6424 0.44
6425 0.44
6426 0.44
6427 0.44
6428 0.22
6429 0.22
6430 0.22
6431 0.22
6432 0.22
6433 0.22
6434 0.22
6435 0.22
6436 0.22
6437 0.22
6438 0.22
6439 0.22
6440 0.44
6441 0.44
6442 0.44
6443 0.44
6444 0.44
6445 0.44
6446 0.44
6447 0.44
6448 0.44
6449 0.44
6450 0.44
6451 0.44
6452 0.22
6453 0.22
6454 0.22
6455 0.22
6456 0.22
6457 0.22
6458 0.22
6459 0.22
6460 0.22
6461 0.22
6462 0.22
6463 0.22
6464 0.44
6465 0.44
6466 0.44
6467 0.44
6468 0.44
6469 0.44
6470 0.44
6471 0.44
6472 0.44
6473 0.44
6474 0.44
6475 0.44
6476 0.22
6477 0.22
6478 0.22
6479 0.22
6480 0.22
6481 0.22
6482 0.22
6483 0.22
6484 0.22
6485 0.22
6486 0.22
6487 0.22
6488 0.44
6489 0.44
6490 0.44
6491 0.44
6492 0.44
6493 0.44
6494 0.44
6495 0.44
6496 0.44
6497 0.44
6498 0.44
6499 0.44
6500 0.22
6501 0.22
6502 0.22
6503 0.22
6504 0.22
6505 0.22
6506 0.22
6507 0.22
6508 0.22
6509 0.22
6510 0.22
6511 0.22
6512 0.44
6513 0.44
6514 0.44
6515 0.44
6516 0.44
6517 0.44
6518 0.44
6519 0.44
6520 0.44
6521 0.44
6522 0.44
6523 0.44
6524 0.22
6525 0.22
6526 0.22
6527 0.22
6528 0.22
6529 0.22
6530 0.22
6531 0.22
6532 0.22
6533 0.22
6534 0.22
6535 0.22
6536 0.44
6537 0.44
6538 0.44
6539 0.44
6540 0.44
6541 0.44
6542 0.44
6543 0.44
6544 0.44
6545 0.44
6546 0.44
6547 0.44
6548 0.22
6549 0.22
6550 0.22
6551 0.22
6552 0.22
6553 0.22
6554 0.22
6555 0.22
6556 0.22
6557 0.22
6558 0.22
6559 0.22
6560 0.44
6561 0.44
6562 0.44
6563 0.44
6564 0.44
6565 0.44
6566 0.44
6567 0.44
6568 0.44
6569 0.44
6570 0.44
6571 0.44
6572 0.22
6573 0.22
6574 0.22
6575 0.22
6576 0.22
6577 0.22
6578 0.22
6579 0.22
6580 0.22
6581 0.22
6582 0.22
6583 0.22
6584 0.44
6585 0.44
6586 0.44
6587 0.44
6588 0.44
6589 0.44
6590 0.44
6591 0.44
6592 0.44
6593 0.44
6594 0.44
6595 0.44
6596 0.22
6597 0.22
6598 0.22
6599 0.22
6600 0.22
6601 0.22
6602 0.22
6603 0.22
6604 0.22
6605 0.22
6606 0.22
6607 0.22
6608 0.44
6609 0.44
6610 0.44
6611 0.44
6612 0.44
6613 0.44
6614 0.44
6615 0.44
6616 0.44
6617 0.44
6618 0.44
6619 0.44
6620 0.22
6621 0.22
6622 0.22
6623 0.22
6624 0.22
6625 0.22
6626 0.22
6627 0.22
6628 0.22
6629 0.22
6630 0.22
6631 0.22
6632 0.44
6633 0.44
6634 0.44
6635 0.44
6636 0.44
6637 0.44
6638 0.44
6639 0.44
6640 0.44
6641 0.44
6642 0.44
6643 0.44
6644 0.22
6645 0.22
6646 0.22
6647 0.22
6648 0.22
6649 0.22
6650 0.22
6651 0.22
6652 0.22
6653 0.22
6654 0.22
6655 0.22
6656 0.44
6657 0.44
6658 0.44
6659 0.44
6660 0.44
6661 0.44
6662 0.44
6663 0.44
6664 0.44
6665 0.44
6666 0.44
6667 0.44
6668 0.22
6669 0.22
6670 0.22
6671 0.22
6672 0.22
6673 0.22
6674 0.22
6675 0.22
6676 0.22
6677 0.22
6678 0.22
6679 0.22
6680 0.44
6681 0.44
6682 0.44
6683 0.44
6684 0.44
6685 0.44
6686 0.44
6687 0.44
6688 0.44
6689 0.44
6690 0.44
6691 0.44
6692 0.22
6693 0.22
6694 0.22
6695 0.22
6696 0.22
6697 0.22
6698 0.22
6699 0.22
6700 0.22
6701 0.22
6702 0.22
6703 0.22
6704 0.44
6705 0.44
6706 0.44
6707 0.44
6708 0.44
6709 0.44
6710 0.44
6711 0.44
6712 0.44
6713 0.44
6714 0.44
6715 0.44
6716 0.22
6717 0.22
6718 0.22
6719 0.22
6720 0.22
6721 0.22
6722 0.22
6723 0.22
6724 0.22
6725 0.22
6726 0.22
6727 0.22
6728 0.44
6729 0.44
6730 0.44
6731 0.44
6732 0.44
6733 0.44
6734 0.44
6735 0.44
6736 0.44
6737 0.44
6738 0.44
6739 0.44
6740 0.22
6741 0.22
6742 0.22
6743 0.22
6744 0.22
6745 0.22
6746 0.22
6747 0.22
6748 0.22
6749 0.22
6750 0.22
6751 0.22
6752 0.44
6753 0.44
6754 0.44
6755 0.44
6756 0.44
6757 0.44
6758 0.44
6759 0.44
6760 0.44
6761 0.44
6762 0.44
6763 0.44
6764 0.22
6765 0.22
6766 0.22
6767 0.22
6768 0.22
6769 0.22
6770 0.22
6771 0.22
6772 0.22
6773 0.22
6774 0.22
6775 0.22
6776 0.44
6777 0.44
6778 0.44
6779 0.44
6780 0.44
6781 0.44
6782 0.44
6783 0.44
6784 0.44
6785 0.44
6786 0.44
6787 0.44
6788 0.22
6789 0.22
6790 0.22
6791 0.22
6792 0.22
6793 0.22
6794 0.22
6795 0.22
6796 0.22
6797 0.22
6798 0.22
6799 0.22
6800 0.44
6801 0.44
6802 0.44
6803 0.44
6804 0.44
6805 0.44
6806 0.44
6807 0.44
6808 0.44
6809 0.44
6810 0.44
6811 0.44
6812 0.22
6813 0.22
6814 0.22
6815 0.22
6816 0.22
6817 0.22
6818 0.22
6819 0.22
6820 0.22
6821 0.22
6822 0.22
6823 0.22
6824 0.44
6825 0.44
6826 0.44
6827 0.44
6828 0.44
6829 0.44
6830 0.44
6831 0.44
6832 0.44
6833 0.44
6834 0.44
6835 0.44
6836 0.22
6837 0.22
6838 0.22
6839 0.22
6840 0.22
6841 0.22
6842 0.22
6843 0.22
6844 0.22
6845 0.22
6846 0.22
6847 0.22
6848 0.44
6849 0.44
6850 0.44
6851 0.44
6852 0.44
6853 0.44
6854 0.44
6855 0.44
6856 0.44
6857 0.44
6858 0.44
6859 0.44
6860 0.22
6861 0.22
6862 0.22
6863 0.22
6864 0.22
6865 0.22
6866 0.22
6867 0.22
6868 0.22
6869 0.22
6870 0.22
6871 0.22
6872 0.44
6873 0.44
6874 0.44
6875 0.44
6876 0.44
6877 0.44
6878 0.44
6879 0.44
6880 0.44
6881 0.44
6882 0.44
6883 0.44
6884 0.22
6885 0.22
6886 0.22
6887 0.22
6888 0.22
6889 0.22
6890 0.22
6891 0.22
6892 0.22
6893 0.22
6894 0.22
6895 0.22
6896 0.44
6897 0.44
6898 0.44
6899 0.44
6900 0.44
6901 0.44
6902 0.44
6903 0.44
6904 0.44
6905 0.44
6906 0.44
6907 0.44
6908 0.22
6909 0.22
6910 0.22
6911 0.22
6912 0.22
6913 0.22
6914 0.22
6915 0.22
6916 0.22
6917 0.22
6918 0.22
6919 0.22
6920 0.44
6921 0.44
6922 0.44
6923 0.44
6924 0.44
6925 0.44
6926 0.44
6927 0.44
6928 0.44
6929 0.44
6930 0.44
6931 0.44
6932 0.22
6933 0.22
6934 0.22
6935 0.22
6936 0.22
6937 0.22
6938 0.22
6939 0.22
6940 0.22
6941 0.22
6942 0.22
6943 0.22
6944 0.44
6945 0.44
6946 0.44
6947 0.44
6948 0.44
6949 0.44
6950 0.44
6951 0.44
6952 0.44
6953 0.44
6954 0.44
6955 0.44
6956 0.22
6957 0.22
6958 0.22
6959 0.22
6960 0.22
6961 0.22
6962 0.22
6963 0.22
6964 0.22
6965 0.22
6966 0.22
6967 0.22
6968 0.44
6969 0.44
6970 0.44
6971 0.44
6972 0.44
6973 0.44
6974 0.44
6975 0.44
6976 0.44
6977 0.44
6978 0.44
6979 0.44
6980 0.22
6981 0.22
6982 0.22
6983 0.22
6984 0.22
6985 0.22
6986 0.22
6987 0.22
6988 0.22
6989 0.22
6990 0.22
6991 0.22
6992 0.44
6993 0.44
6994 0.44
6995 0.44
6996 0.44
6997 0.44
6998 0.44
6999 0.44
7000 0.44
7001 0.44
7002 0.44
7003 0.44
7004 0.22
7005 0.22
7006 0.22
7007 0.22
7008 0.22
7009 0.22
7010 0.22
7011 0.22
7012 0.22
7013 0.22
7014 0.22
7015 0.22
7016 0.44
7017 0.44
7018 0.44
7019 0.44
7020 0.44
7021 0.44
7022 0.44
7023 0.44
7024 0.44
7025 0.44
7026 0.44
7027 0.44
7028 0.22
7029 0.22
7030 0.22
7031 0.22
7032 0.22
7033 0.22
7034 0.22
7035 0.22
7036 0.22
7037 0.22
7038 0.22
7039 0.22
7040 0.44
7041 0.44
7042 0.44
7043 0.44
7044 0.44
7045 0.44
7046 0.44
7047 0.44
7048 0.44
7049 0.44
7050 0.44
7051 0.44
7052 0.22
7053 0.22
7054 0.22
7055 0.22
7056 0.22
7057 0.22
7058 0.22
7059 0.22
7060 0.22
7061 0.22
7062 0.22
7063 0.22
7064 0.44
7065 0.44
7066 0.44
7067 0.44
7068 0.44
7069 0.44
7070 0.44
7071 0.44
7072 0.44
7073 0.44
7074 0.44
7075 0.44
7076 0.22
7077 0.22
7078 0.22
7079 0.22
7080 0.22
7081 0.22
7082 0.22
7083 0.22
7084 0.22
7085 0.22
7086 0.22
7087 0.22
7088 0.44
7089 0.44
7090 0.44
7091 0.44
7092 0.44
7093 0.44
7094 0.44
7095 0.44
7096 0.44
7097 0.44
7098 0.44
7099 0.44
7100 0.22
7101 0.22
7102 0.22
7103 0.22
7104 0.22
7105 0.22
7106 0.22
7107 0.22
7108 0.22
7109 0.22
7110 0.22
7111 0.22
7112 0.44
7113 0.44
7114 0.44
7115 0.44
7116 0.44
7117 0.44
7118 0.44
7119 0.44
7120 0.44
7121 0.44
7122 0.44
7123 0.44
7124 0.22
7125 0.22
7126 0.22
7127 0.22
7128 0.22
7129 0.22
7130 0.22
7131 0.22
7132 0.22
7133 0.22
7134 0.22
7135 0.22
7136 0.44
7137 0.44
7138 0.44
7139 0.44
7140 0.44
7141 0.44
7142 0.44
7143 0.44
7144 0.44
7145 0.44
7146 0.44
7147 0.44
7148 0.22
7149 0.22
7150 0.22
7151 0.22
7152 0.22
7153 0.22
7154 0.22
7155 0.22
7156 0.22
7157 0.22
7158 0.22
7159 0.22
7160 0.44
7161 0.44
7162 0.44
7163 0.44
7164 0.44
7165 0.44
7166 0.44
7167 0.44
7168 0.44
7169 0.44
7170 0.44
7171 0.44
7172 0.22
7173 0.22
7174 0.22
7175 0.22
7176 0.22
7177 0.22
7178 0.22
7179 0.22
7180 0.22
7181 0.22
7182 0.22
7183 0.22
7184 0.44
7185 0.44
7186 0.44
7187 0.44
7188 0.44
7189 0.44
7190 0.44
7191 0.44
7192 0.44
7193 0.44
7194 0.44
7195 0.44
7196 0.22
7197 0.22
7198 0.22
7199 0.22
7200 0.22
7201 0.22
7202 0.22
7203 0.22
7204 0.22
7205 0.22
7206 0.22
7207 0.22
7208 0.44
7209 0.44
7210 0.44
7211 0.44
7212 0.44
7213 0.44
7214 0.44
7215 0.44
7216 0.44
7217 0.44
7218 0.44
7219 0.44
7220 0.22
7221 0.22
7222 0.22
7223 0.22
7224 0.22
7225 0.22
7226 0.22
7227 0.22
7228 0.22
7229 0.22
7230 0.22
7231 0.22
7232 0.44
7233 0.44
7234 0.44
7235 0.44
7236 0.44
7237 0.44
7238 0.44
7239 0.44
7240 0.44
7241 0.44
7242 0.44
7243 0.44
7244 0.22
7245 0.22
7246 0.22
7247 0.22
7248 0.22
7249 0.22
7250 0.22
7251 0.22
7252 0.22
7253 0.22
7254 0.22
7255 0.22
7256 0.44
7257 0.44
7258 0.44
7259 0.44
7260 0.44
7261 0.44
7262 0.44
7263 0.44
7264 0.44
7265 0.44
7266 0.44
7267 0.44
7268 0.22
7269 0.22
7270 0.22
7271 0.22
7272 0.22
7273 0.22
7274 0.22
7275 0.22
7276 0.22
7277 0.22
7278 0.22
7279 0.22
7280 0.44
7281 0.44
7282 0.44
7283 0.44
7284 0.44
7285 0.44
7286 0.44
7287 0.44
7288 0.44
7289 0.44
7290 0.44
7291 0.44
7292 0.22
7293 0.22
7294 0.22
7295 0.22
7296 0.22
7297 0.22
7298 0.22
7299 0.22
7300 0.22
7301 0.22
7302 0.22
7303 0.22
7304 0.44
7305 0.44
7306 0.44
7307 0.44
7308 0.44
7309 0.44
7310 0.44
7311 0.44
7312 0.44
7313 0.44
7314 0.44
7315 0.44
7316 0.22
7317 0.22
7318 0.22
7319 0.22
7320 0.22
7321 0.22
7322 0.22
7323 0.22
7324 0.22
7325 0.22
7326 0.22
7327 0.22
7328 0.44
7329 0.44
7330 0.44
7331 0.44
7332 0.44
7333 0.44
7334 0.44
7335 0.44
7336 0.44
7337 0.44
7338 0.44
7339 0.44
7340 0.22
7341 0.22
7342 0.22
7343 0.22
7344 0.22
7345 0.22
7346 0.22
7347 0.22
7348 0.22
7349 0.22
7350 0.22
7351 0.22
7352 0.44
7353 0.44
7354 0.44
7355 0.44
7356 0.44
7357 0.44
7358 0.44
7359 0.44
7360 0.44
7361 0.44
7362 0.44
7363 0.44
7364 0.22
7365 0.22
7366 0.22
7367 0.22
7368 0.22
7369 0.22
7370 0.22
7371 0.22
7372 0.22
7373 0.22
7374 0.22
7375 0.22
7376 0.44
7377 0.44
7378 0.44
7379 0.44
7380 0.44
7381 0.44
7382 0.44
7383 0.44
7384 0.44
7385 0.44
7386 0.44
7387 0.44
7388 0.22
7389 0.22
7390 0.22
7391 0.22
7392 0.22
7393 0.22
7394 0.22
7395 0.22
7396 0.22
7397 0.22
7398 0.22
7399 0.22
7400 0.44
7401 0.44
7402 0.44
7403 0.44
7404 0.44
7405 0.44
7406 0.44
7407 0.44
7408 0.44
7409 0.44
7410 0.44
7411 0.44
7412 0.22
7413 0.22
7414 0.22
7415 0.22
7416 0.22
7417 0.22
7418 0.22
7419 0.22
7420 0.22
7421 0.22
7422 0.22
7423 0.22
7424 0.44
7425 0.44
7426 0.44
7427 0.44
7428 0.44
7429 0.44
7430 0.44
7431 0.44
7432 0.44
7433 0.44
7434 0.44
7435 0.44
7436 0.22
7437 0.22
7438 0.22
7439 0.22
7440 0.22
7441 0.22
7442 0.22
7443 0.22
7444 0.22
7445 0.22
7446 0.22
7447 0.22
7448 0.44
7449 0.44
7450 0.44
7451 0.44
7452 0.44
7453 0.44
7454 0.44
7455 0.44
7456 0.44
7457 0.44
7458 0.44
7459 0.44
7460 0.22
7461 0.22
7462 0.22
7463 0.22
7464 0.22
7465 0.22
7466 0.22
7467 0.22
7468 0.22
7469 0.22
7470 0.22
7471 0.22
7472 0.44
7473 0.44
7474 0.44
7475 0.44
7476 0.44
7477 0.44
7478 0.44
7479 0.44
7480 0.44
7481 0.44
7482 0.44
7483 0.44
7484 0.22
7485 0.22
7486 0.22
7487 0.22
7488 0.22
7489 0.22
7490 0.22
7491 0.22
7492 0.22
7493 0.22
7494 0.22
7495 0.22
7496 0.44
7497 0.44
7498 0.44
7499 0.44
7500 0.44
7501 0.44
7502 0.44
7503 0.44
7504 0.44
7505 0.44
7506 0.44
7507 0.44
7508 0.22
7509 0.22
7510 0.22
7511 0.22
7512 0.22
7513 0.22
7514 0.22
7515 0.22
7516 0.22
7517 0.22
7518 0.22
7519 0.22
7520 0.44
7521 0.44
7522 0.44
7523 0.44
7524 0.44
7525 0.44
7526 0.44
7527 0.44
7528 0.44
7529 0.44
7530 0.44
7531 0.44
7532 0.22
7533 0.22
7534 0.22
7535 0.22
7536 0.22
7537 0.22
7538 0.22
7539 0.22
7540 0.22
7541 0.22
7542 0.22
7543 0.22
7544 0.44
7545 0.44
7546 0.44
7547 0.44
7548 0.44
7549 0.44
7550 0.44
7551 0.44
7552 0.44
7553 0.44
7554 0.44
7555 0.44
7556 0.22
7557 0.22
7558 0.22
7559 0.22
7560 0.22
7561 0.22
7562 0.22
7563 0.22
7564 0.22
7565 0.22
7566 0.22
7567 0.22
7568 0.44
7569 0.44
7570 0.44
7571 0.44
7572 0.44
7573 0.44
7574 0.44
7575 0.44
7576 0.44
7577 0.44
7578 0.44
7579 0.44
7580 0.22
7581 0.22
7582 0.22
7583 0.22
7584 0.22
7585 0.22
7586 0.22
7587 0.22
7588 0.22
7589 0.22
7590 0.22
7591 0.22
7592 0.44
7593 0.44
7594 0.44
7595 0.44
7596 0.44
7597 0.44
7598 0.44
7599 0.44
7600 0.44
7601 0.44
7602 0.44
7603 0.44
7604 0.22
7605 0.22
7606 0.22
7607 0.22
7608 0.22
7609 0.22
7610 0.22
7611 0.22
7612 0.22
7613 0.22
7614 0.22
7615 0.22
7616 0.44
7617 0.44
7618 0.44
7619 0.44
7620 0.44
7621 0.44
7622 0.44
7623 0.44
7624 0.44
7625 0.44
7626 0.44
7627 0.44
7628 0.22
7629 0.22
7630 0.22
7631 0.22
7632 0.22
7633 0.22
7634 0.22
7635 0.22
7636 0.22
7637 0.22
7638 0.22
7639 0.22
7640 0.44
7641 0.44
7642 0.44
7643 0.44
7644 0.44
7645 0.44
7646 0.44
7647 0.44
7648 0.44
7649 0.44
7650 0.44
7651 0.44
7652 0.22
7653 0.22
7654 0.22
7655 0.22
7656 0.22
7657 0.22
7658 0.22
7659 0.22
7660 0.22
7661 0.22
7662 0.22
7663 0.22
7664 0.44
7665 0.44
7666 0.44
7667 0.44
7668 0.44
7669 0.44
7670 0.44
7671 0.44
7672 0.44
7673 0.44
7674 0.44
7675 0.44
7676 0.22
7677 0.22
7678 0.22
7679 0.22
7680 0.22
7681 0.22
7682 0.22
7683 0.22
7684 0.22
7685 0.22
7686 0.22
7687 0.22
7688 0.44
7689 0.44
7690 0.44
7691 0.44
7692 0.44
7693 0.44
7694 0.44
7695 0.44
7696 0.44
7697 0.44
7698 0.44
7699 0.44
7700 0.22
7701 0.22
7702 0.22
7703 0.22
7704 0.22
7705 0.22
7706 0.22
7707 0.22
7708 0.22
7709 0.22
7710 0.22
7711 0.22
7712 0.44
7713 0.44
7714 0.44
7715 0.44
7716 0.44
7717 0.44
7718 0.44
7719 0.44
7720 0.44
7721 0.44
7722 0.44
7723 0.44
7724 0.22
7725 0.22
7726 0.22
7727 0.22
7728 0.22
7729 0.22
7730 0.22
7731 0.22
7732 0.22
7733 0.22
7734 0.22
7735 0.22
7736 0.44
7737 0.44
7738 0.44
7739 0.44
7740 0.44
7741 0.44
7742 0.44
7743 0.44
7744 0.44
7745 0.44
7746 0.44
7747 0.44
7748 0.22
7749 0.22
7750 0.22
7751 0.22
7752 0.22
7753 0.22
7754 0.22
7755 0.22
7756 0.22
7757 0.22
7758 0.22
7759 0.22
7760 0.44
7761 0.44
7762 0.44
7763 0.44
7764 0.44
7765 0.44
7766 0.44
7767 0.44
7768 0.44
7769 0.44
7770 0.44
7771 0.44
7772 0.22
7773 0.22
7774 0.22
7775 0.22
7776 0.22
7777 0.22
7778 0.22
7779 0.22
7780 0.22
7781 0.22
7782 0.22
7783 0.22
7784 0.44
7785 0.44
7786 0.44
7787 0.44
7788 0.44
7789 0.44
7790 0.44
7791 0.44
7792 0.44
7793 0.44
7794 0.44
7795 0.44
7796 0.22
7797 0.22
7798 0.22
7799 0.22
7800 0.22
7801 0.22
7802 0.22
7803 0.22
7804 0.22
7805 0.22
7806 0.22
7807 0.22
7808 0.44
7809 0.44
7810 0.44
7811 0.44
7812 0.44
7813 0.44
7814 0.44
7815 0.44
7816 0.44
7817 0.44
7818 0.44
7819 0.44
7820 0.22
7821 0.22
7822 0.22
7823 0.22
7824 0.22
7825 0.22
7826 0.22
7827 0.22
7828 0.22
7829 0.22
7830 0.22
7831 0.22
7832 0.44
7833 0.44
7834 0.44
7835 0.44
7836 0.44
7837 0.44
7838 0.44
7839 0.44
7840 0.44
7841 0.44
7842 0.44
7843 0.44
7844 0.22
7845 0.22
7846 0.22
7847 0.22
7848 0.22
7849 0.22
7850 0.22
7851 0.22
7852 0.22
7853 0.22
7854 0.22
7855 0.22
7856 0.44
7857 0.44
7858 0.44
7859 0.44
7860 0.44
7861 0.44
7862 0.44
7863 0.44
7864 0.44
7865 0.44
7866 0.44
7867 0.44
7868 0.22
7869 0.22
7870 0.22
7871 0.22
7872 0.22
7873 0.22
7874 0.22
7875 0.22
7876 0.22
7877 0.22
7878 0.22
7879 0.22
7880 0.44
7881 0.44
7882 0.44
7883 0.44
7884 0.44
7885 0.44
7886 0.44
7887 0.44
7888 0.44
7889 0.44
7890 0.44
7891 0.44
7892 0.22
7893 0.22
7894 0.22
7895 0.22
7896 0.22
7897 0.22
7898 0.22
7899 0.22
7900 0.22
7901 0.22
7902 0.22
7903 0.22
7904 0.44
7905 0.44
7906 0.44
7907 0.44
7908 0.44
7909 0.44
7910 0.44
7911 0.44
7912 0.44
7913 0.44
7914 0.44
7915 0.44
7916 0.22
7917 0.22
7918 0.22
7919 0.22
7920 0.22
7921 0.22
7922 0.22
7923 0.22
7924 0.22
7925 0.22
7926 0.22
7927 0.22
7928 0.44
7929 0.44
7930 0.44
7931 0.44
7932 0.44
7933 0.44
7934 0.44
7935 0.44
7936 0.44
7937 0.44
7938 0.44
7939 0.44
7940 0.22
7941 0.22
7942 0.22
7943 0.22
7944 0.22
7945 0.22
7946 0.22
7947 0.22
7948 0.22
7949 0.22
7950 0.22
7951 0.22
7952 0.44
7953 0.44
7954 0.44
7955 0.44
7956 0.44
7957 0.44
7958 0.44
7959 0.44
7960 0.44
7961 0.44
7962 0.44
7963 0.44
7964 0.22
7965 0.22
7966 0.22
7967 0.22
7968 0.22
7969 0.22
7970 0.22
7971 0.22
7972 0.22
7973 0.22
7974 0.22
7975 0.22
7976 0.44
7977 0.44
7978 0.44
7979 0.44
7980 0.44
7981 0.44
7982 0.44
7983 0.44
7984 0.44
7985 0.44
7986 0.44
7987 0.44
7988 0.22
7989 0.22
7990 0.22
7991 0.22
7992 0.22
7993 0.22
7994 0.22
7995 0.22
7996 0.22
7997 0.22
7998 0.22
7999 0.22
8000 0.44
8001 0.44
8002 0.44
8003 0.44
8004 0.44
8005 0.44
8006 0.44
8007 0.44
8008 0.44
8009 0.44
8010 0.44
8011 0.44
8012 0.22
8013 0.22
8014 0.22
8015 0.22
8016 0.22
8017 0.22
8018 0.22
8019 0.22
8020 0.22
8021 0.22
8022 0.22
8023 0.22
8024 0.44
8025 0.44
8026 0.44
8027 0.44
8028 0.44
8029 0.44
8030 0.44
8031 0.44
8032 0.44
8033 0.44
8034 0.44
8035 0.44
8036 0.22
8037 0.22
8038 0.22
8039 0.22
8040 0.22
8041 0.22
8042 0.22
8043 0.22
8044 0.22
8045 0.22
8046 0.22
8047 0.22
8048 0.44
8049 0.44
8050 0.44
8051 0.44
8052 0.44
8053 0.44
8054 0.44
8055 0.44
8056 0.44
8057 0.44
8058 0.44
8059 0.44
8060 0.22
8061 0.22
8062 0.22
8063 0.22
8064 0.22
8065 0.22
8066 0.22
8067 0.22
8068 0.22
8069 0.22
8070 0.22
8071 0.22
8072 0.44
8073 0.44
8074 0.44
8075 0.44
8076 0.44
8077 0.44
8078 0.44
8079 0.44
8080 0.44
8081 0.44
8082 0.44
8083 0.44
8084 0.22
8085 0.22
8086 0.22
8087 0.22
8088 0.22
8089 0.22
8090 0.22
8091 0.22
8092 0.22
8093 0.22
8094 0.22
8095 0.22
8096 0.44
8097 0.44
8098 0.44
8099 0.44
8100 0.44
8101 0.44
8102 0.44
8103 0.44
8104 0.44
8105 0.44
8106 0.44
8107 0.44
8108 0.22
8109 0.22
8110 0.22
8111 0.22
8112 0.22
8113 0.22
8114 0.22
8115 0.22
8116 0.22
8117 0.22
8118 0.22
8119 0.22
8120 0.44
8121 0.44
8122 0.44
8123 0.44
8124 0.44
8125 0.44
8126 0.44
8127 0.44
8128 0.44
8129 0.44
8130 0.44
8131 0.44
8132 0.22
8133 0.22
8134 0.22
8135 0.22
8136 0.22
8137 0.22
8138 0.22
8139 0.22
8140 0.22
8141 0.22
8142 0.22
8143 0.22
8144 0.44
8145 0.44
8146 0.44
8147 0.44
8148 0.44
8149 0.44
8150 0.44
8151 0.44
8152 0.44
8153 0.44
8154 0.44
8155 0.44
8156 0.22
8157 0.22
8158 0.22
8159 0.22
8160 0.22
8161 0.22
8162 0.22
8163 0.22
8164 0.22
8165 0.22
8166 0.22
8167 0.22
8168 0.44
8169 0.44
8170 0.44
8171 0.44
8172 0.44
8173 0.44
8174 0.44
8175 0.44
8176 0.44
8177 0.44
8178 0.44
8179 0.44
8180 0.22
8181 0.22
8182 0.22
8183 0.22
8184 0.22
8185 0.22
8186 0.22
8187 0.22
8188 0.22
8189 0.22
8190 0.22
8191 0.22
8192 0.44
8193 0.44
8194 0.44
8195 0.44
8196 0.44
8197 0.44
8198 0.44
8199 0.44
8200 0.44
8201 0.44
8202 0.44
8203 0.44
8204 0.22
8205 0.22
8206 0.22
8207 0.22
8208 0.22
8209 0.22
8210 0.22
8211 0.22
8212 0.22
8213 0.22
8214 0.22
8215 0.22
8216 0.44
8217 0.44
8218 0.44
8219 0.44
8220 0.44
8221 0.44
8222 0.44
8223 0.44
8224 0.44
8225 0.44
8226 0.44
8227 0.44
8228 0.22
8229 0.22
8230 0.22
8231 0.22
8232 0.22
8233 0.22
8234 0.22
8235 0.22
8236 0.22
8237 0.22
8238 0.22
8239 0.22
8240 0.44
8241 0.44
8242 0.44
8243 0.44
8244 0.44
8245 0.44
8246 0.44
8247 0.44
8248 0.44
8249 0.44
8250 0.44
8251 0.44
8252 0.22
8253 0.22
8254 0.22
8255 0.22
8256 0.22
8257 0.22
8258 0.22
8259 0.22
8260 0.22
8261 0.22
8262 0.22
8263 0.22
8264 0.44
8265 0.44
8266 0.44
8267 0.44
8268 0.44
8269 0.44
8270 0.44
8271 0.44
8272 0.44
8273 0.44
8274 0.44
8275 0.44
8276 0.22
8277 0.22
8278 0.22
8279 0.22
8280 0.22
8281 0.22
8282 0.22
8283 0.22
8284 0.22
8285 0.22
8286 0.22
8287 0.22
8288 0.44
8289 0.44
8290 0.44
8291 0.44
8292 0.44
8293 0.44
8294 0.44
8295 0.44
8296 0.44
8297 0.44
8298 0.44
8299 0.44
8300 0.22
8301 0.22
8302 0.22
8303 0.22
8304 0.22
8305 0.22
8306 0.22
8307 0.22
8308 0.22
8309 0.22
8310 0.22
8311 0.22
8312 0.44
8313 0.44
8314 0.44
8315 0.44
8316 0.44
8317 0.44
8318 0.44
8319 0.44
8320 0.44
8321 0.44
8322 0.44
8323 0.44
8324 0.22
8325 0.22
8326 0.22
8327 0.22
8328 0.22
8329 0.22
8330 0.22
8331 0.22
8332 0.22
8333 0.22
8334 0.22
8335 0.22
8336 0.44
8337 0.44
8338 0.44
8339 0.44
8340 0.44
8341 0.44
8342 0.44
8343 0.44
8344 0.44
8345 0.44
8346 0.44
8347 0.44
8348 0.22
8349 0.22
8350 0.22
8351 0.22
8352 0.22
8353 0.22
8354 0.22
8355 0.22
8356 0.22
8357 0.22
8358 0.22
8359 0.22
8360 0.44
8361 0.44
8362 0.44
8363 0.44
8364 0.44
8365 0.44
8366 0.44
8367 0.44
8368 0.44
8369 0.44
8370 0.44
8371 0.44
8372 0.22
8373 0.22
8374 0.22
8375 0.22
8376 0.22
8377 0.22
8378 0.22
8379 0.22
8380 0.22
8381 0.22
8382 0.22
8383 0.22
8384 0.44
8385 0.44
8386 0.44
8387 0.44
8388 0.44
8389 0.44
8390 0.44
8391 0.44
8392 0.44
8393 0.44
8394 0.44
8395 0.44
8396 0.22
8397 0.22
8398 0.22
8399 0.22
8400 0.22
8401 0.22
8402 0.22
8403 0.22
8404 0.22
8405 0.22
8406 0.22
8407 0.22
8408 0.44
8409 0.44
8410 0.44
8411 0.44
8412 0.44
8413 0.44
8414 0.44
8415 0.44
8416 0.44
8417 0.44
8418 0.44
8419 0.44
8420 0.22
8421 0.22
8422 0.22
8423 0.22
8424 0.22
8425 0.22
8426 0.22
8427 0.22
8428 0.22
8429 0.22
8430 0.22
8431 0.22
8432 0.44
8433 0.44
8434 0.44
8435 0.44
8436 0.44
8437 0.44
8438 0.44
8439 0.44
8440 0.44
8441 0.44
8442 0.44
8443 0.44
8444 0.22
8445 0.22
8446 0.22
8447 0.22
8448 0.22
8449 0.22
8450 0.22
8451 0.22
8452 0.22
8453 0.22
8454 0.22
8455 0.22
8456 0.44
8457 0.44
8458 0.44
8459 0.44
8460 0.44
8461 0.44
8462 0.44
8463 0.44
8464 0.44
8465 0.44
8466 0.44
8467 0.44
8468 0.22
8469 0.22
8470 0.22
8471 0.22
8472 0.22
8473 0.22
8474 0.22
8475 0.22
8476 0.22
8477 0.22
8478 0.22
8479 0.22
8480 0.44
8481 0.44
8482 0.44
8483 0.44
8484 0.44
8485 0.44
8486 0.44
8487 0.44
8488 0.44
8489 0.44
8490 0.44
8491 0.44
8492 0.22
8493 0.22
8494 0.22
8495 0.22
8496 0.22
8497 0.22
8498 0.22
8499 0.22
8500 0.22
8501 0.22
8502 0.22
8503 0.22
8504 0.44
8505 0.44
8506 0.44
8507 0.44
8508 0.44
8509 0.44
8510 0.44
8511 0.44
8512 0.44
8513 0.44
8514 0.44
8515 0.44
8516 0.22
8517 0.22
8518 0.22
8519 0.22
8520 0.22
8521 0.22
8522 0.22
8523 0.22
8524 0.22
8525 0.22
8526 0.22
8527 0.22
8528 0.44
8529 0.44
8530 0.44
8531 0.44
8532 0.44
8533 0.44
8534 0.44
8535 0.44
8536 0.44
8537 0.44
8538 0.44
8539 0.44
8540 0.22
8541 0.22
8542 0.22
8543 0.22
8544 0.22
8545 0.22
8546 0.22
8547 0.22
8548 0.22
8549 0.22
8550 0.22
8551 0.22
8552 0.44
8553 0.44
8554 0.44
8555 0.44
8556 0.44
8557 0.44
8558 0.44
8559 0.44
8560 0.44
8561 0.44
8562 0.44
8563 0.44
8564 0.22
8565 0.22
8566 0.22
8567 0.22
8568 0.22
8569 0.22
8570 0.22
8571 0.22
8572 0.22
8573 0.22
8574 0.22
8575 0.22
8576 0.44
8577 0.44
8578 0.44
8579 0.44
8580 0.44
8581 0.44
8582 0.44
8583 0.44
8584 0.44
8585 0.44
8586 0.44
8587 0.44
8588 0.22
8589 0.22
8590 0.22
8591 0.22
8592 0.22
8593 0.22
8594 0.22
8595 0.22
8596 0.22
8597 0.22
8598 0.22
8599 0.22
8600 0.44
8601 0.44
8602 0.44
8603 0.44
8604 0.44
8605 0.44
8606 0.44
8607 0.44
8608 0.44
8609 0.44
8610 0.44
8611 0.44
8612 0.22
8613 0.22
8614 0.22
8615 0.22
8616 0.22
8617 0.22
8618 0.22
8619 0.22
8620 0.22
8621 0.22
8622 0.22
8623 0.22
8624 0.44
8625 0.44
8626 0.44
8627 0.44
8628 0.44
8629 0.44
8630 0.44
8631 0.44
8632 0.44
8633 0.44
8634 0.44
8635 0.44
8636 0.22
8637 0.22
8638 0.22
8639 0.22
8640 0.22
8641 0.22
8642 0.22
8643 0.22
8644 0.22
8645 0.22
8646 0.22
8647 0.22
8648 0.44
8649 0.44
8650 0.44
8651 0.44
8652 0.44
8653 0.44
8654 0.44
8655 0.44
8656 0.44
8657 0.44
8658 0.44
8659 0.44
8660 0.22
8661 0.22
8662 0.22
8663 0.22
8664 0.22
8665 0.22
8666 0.22
8667 0.22
8668 0.22
8669 0.22
8670 0.22
8671 0.22
8672 0.44
8673 0.44
8674 0.44
8675 0.44
8676 0.44
8677 0.44
8678 0.44
8679 0.44
8680 0.44
8681 0.44
8682 0.44
8683 0.44
8684 0.22
8685 0.22
8686 0.22
8687 0.22
8688 0.22
8689 0.22
8690 0.22
8691 0.22
8692 0.22
8693 0.22
8694 0.22
8695 0.22
8696 0.44
8697 0.44
8698 0.44
8699 0.44
8700 0.44
8701 0.44
8702 0.44
8703 0.44
8704 0.44
8705 0.44
8706 0.44
8707 0.44
8708 0.22
8709 0.22
8710 0.22
8711 0.22
8712 0.22
8713 0.22
8714 0.22
8715 0.22
8716 0.22
8717 0.22
8718 0.22
8719 0.22
8720 0.44
8721 0.44
8722 0.44
8723 0.44
8724 0.44
8725 0.44
8726 0.44
8727 0.44
8728 0.44
8729 0.44
8730 0.44
8731 0.44
8732 0.22
8733 0.22
8734 0.22
8735 0.22
8736 0.22
8737 0.22
8738 0.22
8739 0.22
8740 0.22
8741 0.22
8742 0.22
8743 0.22
8744 0.44
8745 0.44
8746 0.44
8747 0.44
8748 0.44
8749 0.44
8750 0.44
8751 0.44
8752 0.44
8753 0.44
8754 0.44
8755 0.44
8756 0.22
8757 0.22
8758 0.22
8759 0.22
8760 0.22
;