param p_minus :=
1 0.087
2 0.087
3 0.087
4 0.087
5 0.087
6 0.087
7 0.087
8 0.087
9 0.087
10 0.087
11 0.087
12 0.087
13 0.087
14 0.087
15 0.087
16 0.087
17 0.087
18 0.087
19 0.087
20 0.087
21 0.087
22 0.087
23 0.087
24 0.087
25 0.087
26 0.087
27 0.087
28 0.087
29 0.087
30 0.087
31 0.087
32 0.087
33 0.087
34 0.087
35 0.087
36 0.087
37 0.087
38 0.087
39 0.087
40 0.087
41 0.087
42 0.087
43 0.087
44 0.087
45 0.087
46 0.087
47 0.087
48 0.087
49 0.087
50 0.087
51 0.087
52 0.087
53 0.087
54 0.087
55 0.087
56 0.18
57 0.18
58 0.18
59 0.18
60 0.132
61 0.132
62 0.132
63 0.132
64 0.132
65 0.132
66 0.18
67 0.18
68 0.087
69 0.087
70 0.087
71 0.087
72 0.087
73 0.087
74 0.087
75 0.087
76 0.087
77 0.087
78 0.087
79 0.087
80 0.18
81 0.18
82 0.18
83 0.18
84 0.132
85 0.132
86 0.132
87 0.132
88 0.132
89 0.132
90 0.18
91 0.18
92 0.087
93 0.087
94 0.087
95 0.087
96 0.087
97 0.087
98 0.087
99 0.087
100 0.087
101 0.087
102 0.087
103 0.087
104 0.18
105 0.18
106 0.18
107 0.18
108 0.132
109 0.132
110 0.132
111 0.132
112 0.132
113 0.132
114 0.18
115 0.18
116 0.087
117 0.087
118 0.087
119 0.087
120 0.087
121 0.087
122 0.087
123 0.087
124 0.087
125 0.087
126 0.087
127 0.087
128 0.18
129 0.18
130 0.18
131 0.18
132 0.132
133 0.132
134 0.132
135 0.132
136 0.132
137 0.132
138 0.18
139 0.18
140 0.087
141 0.087
142 0.087
143 0.087
144 0.087
145 0.087
146 0.087
147 0.087
148 0.087
149 0.087
150 0.087
151 0.087
152 0.18
153 0.18
154 0.18
155 0.18
156 0.132
157 0.132
158 0.132
159 0.132
160 0.132
161 0.132
162 0.18
163 0.18
164 0.087
165 0.087
166 0.087
167 0.087
168 0.087
169 0.087
170 0.087
171 0.087
172 0.087
173 0.087
174 0.087
175 0.087
176 0.087
177 0.087
178 0.087
179 0.087
180 0.087
181 0.087
182 0.087
183 0.087
184 0.087
185 0.087
186 0.087
187 0.087
188 0.087
189 0.087
190 0.087
191 0.087
192 0.087
193 0.087
194 0.087
195 0.087
196 0.087
197 0.087
198 0.087
199 0.087
200 0.087
201 0.087
202 0.087
203 0.087
204 0.087
205 0.087
206 0.087
207 0.087
208 0.087
209 0.087
210 0.087
211 0.087
212 0.087
213 0.087
214 0.087
215 0.087
216 0.087
217 0.087
218 0.087
219 0.087
220 0.087
221 0.087
222 0.087
223 0.087
224 0.18
225 0.18
226 0.18
227 0.18
228 0.132
229 0.132
230 0.132
231 0.132
232 0.132
233 0.132
234 0.18
235 0.18
236 0.087
237 0.087
238 0.087
239 0.087
240 0.087
241 0.087
242 0.087
243 0.087
244 0.087
245 0.087
246 0.087
247 0.087
248 0.18
249 0.18
250 0.18
251 0.18
252 0.132
253 0.132
254 0.132
255 0.132
256 0.132
257 0.132
258 0.18
259 0.18
260 0.087
261 0.087
262 0.087
263 0.087
264 0.087
265 0.087
266 0.087
267 0.087
268 0.087
269 0.087
270 0.087
271 0.087
272 0.18
273 0.18
274 0.18
275 0.18
276 0.132
277 0.132
278 0.132
279 0.132
280 0.132
281 0.132
282 0.18
283 0.18
284 0.087
285 0.087
286 0.087
287 0.087
288 0.087
289 0.087
290 0.087
291 0.087
292 0.087
293 0.087
294 0.087
295 0.087
296 0.18
297 0.18
298 0.18
299 0.18
300 0.132
301 0.132
302 0.132
303 0.132
304 0.132
305 0.132
306 0.18
307 0.18
308 0.087
309 0.087
310 0.087
311 0.087
312 0.087
313 0.087
314 0.087
315 0.087
316 0.087
317 0.087
318 0.087
319 0.087
320 0.18
321 0.18
322 0.18
323 0.18
324 0.132
325 0.132
326 0.132
327 0.132
328 0.132
329 0.132
330 0.18
331 0.18
332 0.087
333 0.087
334 0.087
335 0.087
336 0.087
337 0.087
338 0.087
339 0.087
340 0.087
341 0.087
342 0.087
343 0.087
344 0.087
345 0.087
346 0.087
347 0.087
348 0.087
349 0.087
350 0.087
351 0.087
352 0.087
353 0.087
354 0.087
355 0.087
356 0.087
357 0.087
358 0.087
359 0.087
360 0.087
361 0.087
362 0.087
363 0.087
364 0.087
365 0.087
366 0.087
367 0.087
368 0.087
369 0.087
370 0.087
371 0.087
372 0.087
373 0.087
374 0.087
375 0.087
376 0.087
377 0.087
378 0.087
379 0.087
380 0.087
381 0.087
382 0.087
383 0.087
384 0.087
385 0.087
386 0.087
387 0.087
388 0.087
389 0.087
390 0.087
391 0.087
392 0.18
393 0.18
394 0.18
395 0.18
396 0.132
397 0.132
398 0.132
399 0.132
400 0.132
401 0.132
402 0.18
403 0.18
404 0.087
405 0.087
406 0.087
407 0.087
408 0.087
409 0.087
410 0.087
411 0.087
412 0.087
413 0.087
414 0.087
415 0.087
416 0.18
417 0.18
418 0.18
419 0.18
420 0.132
421 0.132
422 0.132
423 0.132
424 0.132
425 0.132
426 0.18
427 0.18
428 0.087
429 0.087
430 0.087
431 0.087
432 0.087
433 0.087
434 0.087
435 0.087
436 0.087
437 0.087
438 0.087
439 0.087
440 0.18
441 0.18
442 0.18
443 0.18
444 0.132
445 0.132
446 0.132
447 0.132
448 0.132
449 0.132
450 0.18
451 0.18
452 0.087
453 0.087
454 0.087
455 0.087
456 0.087
457 0.087
458 0.087
459 0.087
460 0.087
461 0.087
462 0.087
463 0.087
464 0.18
465 0.18
466 0.18
467 0.18
468 0.132
469 0.132
470 0.132
471 0.132
472 0.132
473 0.132
474 0.18
475 0.18
476 0.087
477 0.087
478 0.087
479 0.087
480 0.087
481 0.087
482 0.087
483 0.087
484 0.087
485 0.087
486 0.087
487 0.087
488 0.18
489 0.18
490 0.18
491 0.18
492 0.132
493 0.132
494 0.132
495 0.132
496 0.132
497 0.132
498 0.18
499 0.18
500 0.087
501 0.087
502 0.087
503 0.087
504 0.087
505 0.087
506 0.087
507 0.087
508 0.087
509 0.087
510 0.087
511 0.087
512 0.087
513 0.087
514 0.087
515 0.087
516 0.087
517 0.087
518 0.087
519 0.087
520 0.087
521 0.087
522 0.087
523 0.087
524 0.087
525 0.087
526 0.087
527 0.087
528 0.087
529 0.087
530 0.087
531 0.087
532 0.087
533 0.087
534 0.087
535 0.087
536 0.087
537 0.087
538 0.087
539 0.087
540 0.087
541 0.087
542 0.087
543 0.087
544 0.087
545 0.087
546 0.087
547 0.087
548 0.087
549 0.087
550 0.087
551 0.087
552 0.087
553 0.087
554 0.087
555 0.087
556 0.087
557 0.087
558 0.087
559 0.087
560 0.18
561 0.18
562 0.18
563 0.18
564 0.132
565 0.132
566 0.132
567 0.132
568 0.132
569 0.132
570 0.18
571 0.18
572 0.087
573 0.087
574 0.087
575 0.087
576 0.087
577 0.087
578 0.087
579 0.087
580 0.087
581 0.087
582 0.087
583 0.087
584 0.18
585 0.18
586 0.18
587 0.18
588 0.132
589 0.132
590 0.132
591 0.132
592 0.132
593 0.132
594 0.18
595 0.18
596 0.087
597 0.087
598 0.087
599 0.087
600 0.087
601 0.087
602 0.087
603 0.087
604 0.087
605 0.087
606 0.087
607 0.087
608 0.18
609 0.18
610 0.18
611 0.18
612 0.132
613 0.132
614 0.132
615 0.132
616 0.132
617 0.132
618 0.18
619 0.18
620 0.087
621 0.087
622 0.087
623 0.087
624 0.087
625 0.087
626 0.087
627 0.087
628 0.087
629 0.087
630 0.087
631 0.087
632 0.18
633 0.18
634 0.18
635 0.18
636 0.132
637 0.132
638 0.132
639 0.132
640 0.132
641 0.132
642 0.18
643 0.18
644 0.087
645 0.087
646 0.087
647 0.087
648 0.087
649 0.087
650 0.087
651 0.087
652 0.087
653 0.087
654 0.087
655 0.087
656 0.18
657 0.18
658 0.18
659 0.18
660 0.132
661 0.132
662 0.132
663 0.132
664 0.132
665 0.132
666 0.18
667 0.18
668 0.087
669 0.087
670 0.087
671 0.087
672 0.087
673 0.087
674 0.087
675 0.087
676 0.087
677 0.087
678 0.087
679 0.087
680 0.087
681 0.087
682 0.087
683 0.087
684 0.087
685 0.087
686 0.087
687 0.087
688 0.087
689 0.087
690 0.087
691 0.087
692 0.087
693 0.087
694 0.087
695 0.087
696 0.087
697 0.087
698 0.087
699 0.087
700 0.087
701 0.087
702 0.087
703 0.087
704 0.087
705 0.087
706 0.087
707 0.087
708 0.087
709 0.087
710 0.087
711 0.087
712 0.087
713 0.087
714 0.087
715 0.087
716 0.087
717 0.087
718 0.087
719 0.087
720 0.087
721 0.087
722 0.087
723 0.087
724 0.087
725 0.087
726 0.087
727 0.087
728 0.18
729 0.18
730 0.18
731 0.18
732 0.132
733 0.132
734 0.132
735 0.132
736 0.132
737 0.132
738 0.18
739 0.18
740 0.087
741 0.087
742 0.087
743 0.087
744 0.087
745 0.087
746 0.087
747 0.087
748 0.087
749 0.087
750 0.087
751 0.087
752 0.18
753 0.18
754 0.18
755 0.18
756 0.132
757 0.132
758 0.132
759 0.132
760 0.132
761 0.132
762 0.18
763 0.18
764 0.087
765 0.087
766 0.087
767 0.087
768 0.087
769 0.087
770 0.087
771 0.087
772 0.087
773 0.087
774 0.087
775 0.087
776 0.18
777 0.18
778 0.18
779 0.18
780 0.132
781 0.132
782 0.132
783 0.132
784 0.132
785 0.132
786 0.18
787 0.18
788 0.087
789 0.087
790 0.087
791 0.087
792 0.087
793 0.087
794 0.087
795 0.087
796 0.087
797 0.087
798 0.087
799 0.087
800 0.18
801 0.18
802 0.18
803 0.18
804 0.132
805 0.132
806 0.132
807 0.132
808 0.132
809 0.132
810 0.18
811 0.18
812 0.087
813 0.087
814 0.087
815 0.087
816 0.087
817 0.087
818 0.087
819 0.087
820 0.087
821 0.087
822 0.087
823 0.087
824 0.18
825 0.18
826 0.18
827 0.18
828 0.132
829 0.132
830 0.132
831 0.132
832 0.132
833 0.132
834 0.18
835 0.18
836 0.087
837 0.087
838 0.087
839 0.087
840 0.087
841 0.087
842 0.087
843 0.087
844 0.087
845 0.087
846 0.087
847 0.087
848 0.087
849 0.087
850 0.087
851 0.087
852 0.087
853 0.087
854 0.087
855 0.087
856 0.087
857 0.087
858 0.087
859 0.087
860 0.087
861 0.087
862 0.087
863 0.087
864 0.087
865 0.087
866 0.087
867 0.087
868 0.087
869 0.087
870 0.087
871 0.087
872 0.087
873 0.087
874 0.087
875 0.087
876 0.087
877 0.087
878 0.087
879 0.087
880 0.087
881 0.087
882 0.087
883 0.087
884 0.087
885 0.087
886 0.087
887 0.087
888 0.087
889 0.087
890 0.087
891 0.087
892 0.087
893 0.087
894 0.087
895 0.087
896 0.18
897 0.18
898 0.18
899 0.18
900 0.132
901 0.132
902 0.132
903 0.132
904 0.132
905 0.132
906 0.18
907 0.18
908 0.087
909 0.087
910 0.087
911 0.087
912 0.087
913 0.087
914 0.087
915 0.087
916 0.087
917 0.087
918 0.087
919 0.087
920 0.18
921 0.18
922 0.18
923 0.18
924 0.132
925 0.132
926 0.132
927 0.132
928 0.132
929 0.132
930 0.18
931 0.18
932 0.087
933 0.087
934 0.087
935 0.087
936 0.087
937 0.087
938 0.087
939 0.087
940 0.087
941 0.087
942 0.087
943 0.087
944 0.18
945 0.18
946 0.18
947 0.18
948 0.132
949 0.132
950 0.132
951 0.132
952 0.132
953 0.132
954 0.18
955 0.18
956 0.087
957 0.087
958 0.087
959 0.087
960 0.087
961 0.087
962 0.087
963 0.087
964 0.087
965 0.087
966 0.087
967 0.087
968 0.18
969 0.18
970 0.18
971 0.18
972 0.132
973 0.132
974 0.132
975 0.132
976 0.132
977 0.132
978 0.18
979 0.18
980 0.087
981 0.087
982 0.087
983 0.087
984 0.087
985 0.087
986 0.087
987 0.087
988 0.087
989 0.087
990 0.087
991 0.087
992 0.18
993 0.18
994 0.18
995 0.18
996 0.132
997 0.132
998 0.132
999 0.132
1000 0.132
1001 0.132
1002 0.18
1003 0.18
1004 0.087
1005 0.087
1006 0.087
1007 0.087
1008 0.087
1009 0.087
1010 0.087
1011 0.087
1012 0.087
1013 0.087
1014 0.087
1015 0.087
1016 0.087
1017 0.087
1018 0.087
1019 0.087
1020 0.087
1021 0.087
1022 0.087
1023 0.087
1024 0.087
1025 0.087
1026 0.087
1027 0.087
1028 0.087
1029 0.087
1030 0.087
1031 0.087
1032 0.087
1033 0.087
1034 0.087
1035 0.087
1036 0.087
1037 0.087
1038 0.087
1039 0.087
1040 0.087
1041 0.087
1042 0.087
1043 0.087
1044 0.087
1045 0.087
1046 0.087
1047 0.087
1048 0.087
1049 0.087
1050 0.087
1051 0.087
1052 0.087
1053 0.087
1054 0.087
1055 0.087
1056 0.087
1057 0.087
1058 0.087
1059 0.087
1060 0.087
1061 0.087
1062 0.087
1063 0.087
1064 0.18
1065 0.18
1066 0.18
1067 0.18
1068 0.132
1069 0.132
1070 0.132
1071 0.132
1072 0.132
1073 0.132
1074 0.18
1075 0.18
1076 0.087
1077 0.087
1078 0.087
1079 0.087
1080 0.087
1081 0.087
1082 0.087
1083 0.087
1084 0.087
1085 0.087
1086 0.087
1087 0.087
1088 0.087
1089 0.087
1090 0.087
1091 0.087
1092 0.087
1093 0.087
1094 0.087
1095 0.087
1096 0.087
1097 0.087
1098 0.087
1099 0.087
1100 0.087
1101 0.087
1102 0.087
1103 0.087
1104 0.087
1105 0.087
1106 0.087
1107 0.087
1108 0.087
1109 0.087
1110 0.087
1111 0.087
1112 0.18
1113 0.18
1114 0.18
1115 0.18
1116 0.132
1117 0.132
1118 0.132
1119 0.132
1120 0.132
1121 0.132
1122 0.18
1123 0.18
1124 0.087
1125 0.087
1126 0.087
1127 0.087
1128 0.087
1129 0.087
1130 0.087
1131 0.087
1132 0.087
1133 0.087
1134 0.087
1135 0.087
1136 0.18
1137 0.18
1138 0.18
1139 0.18
1140 0.132
1141 0.132
1142 0.132
1143 0.132
1144 0.132
1145 0.132
1146 0.18
1147 0.18
1148 0.087
1149 0.087
1150 0.087
1151 0.087
1152 0.087
1153 0.087
1154 0.087
1155 0.087
1156 0.087
1157 0.087
1158 0.087
1159 0.087
1160 0.18
1161 0.18
1162 0.18
1163 0.18
1164 0.132
1165 0.132
1166 0.132
1167 0.132
1168 0.132
1169 0.132
1170 0.18
1171 0.18
1172 0.087
1173 0.087
1174 0.087
1175 0.087
1176 0.087
1177 0.087
1178 0.087
1179 0.087
1180 0.087
1181 0.087
1182 0.087
1183 0.087
1184 0.087
1185 0.087
1186 0.087
1187 0.087
1188 0.087
1189 0.087
1190 0.087
1191 0.087
1192 0.087
1193 0.087
1194 0.087
1195 0.087
1196 0.087
1197 0.087
1198 0.087
1199 0.087
1200 0.087
1201 0.087
1202 0.087
1203 0.087
1204 0.087
1205 0.087
1206 0.087
1207 0.087
1208 0.087
1209 0.087
1210 0.087
1211 0.087
1212 0.087
1213 0.087
1214 0.087
1215 0.087
1216 0.087
1217 0.087
1218 0.087
1219 0.087
1220 0.087
1221 0.087
1222 0.087
1223 0.087
1224 0.087
1225 0.087
1226 0.087
1227 0.087
1228 0.087
1229 0.087
1230 0.087
1231 0.087
1232 0.18
1233 0.18
1234 0.18
1235 0.18
1236 0.132
1237 0.132
1238 0.132
1239 0.132
1240 0.132
1241 0.132
1242 0.18
1243 0.18
1244 0.087
1245 0.087
1246 0.087
1247 0.087
1248 0.087
1249 0.087
1250 0.087
1251 0.087
1252 0.087
1253 0.087
1254 0.087
1255 0.087
1256 0.18
1257 0.18
1258 0.18
1259 0.18
1260 0.132
1261 0.132
1262 0.132
1263 0.132
1264 0.132
1265 0.132
1266 0.18
1267 0.18
1268 0.087
1269 0.087
1270 0.087
1271 0.087
1272 0.087
1273 0.087
1274 0.087
1275 0.087
1276 0.087
1277 0.087
1278 0.087
1279 0.087
1280 0.18
1281 0.18
1282 0.18
1283 0.18
1284 0.132
1285 0.132
1286 0.132
1287 0.132
1288 0.132
1289 0.132
1290 0.18
1291 0.18
1292 0.087
1293 0.087
1294 0.087
1295 0.087
1296 0.087
1297 0.087
1298 0.087
1299 0.087
1300 0.087
1301 0.087
1302 0.087
1303 0.087
1304 0.18
1305 0.18
1306 0.18
1307 0.18
1308 0.132
1309 0.132
1310 0.132
1311 0.132
1312 0.132
1313 0.132
1314 0.18
1315 0.18
1316 0.087
1317 0.087
1318 0.087
1319 0.087
1320 0.087
1321 0.087
1322 0.087
1323 0.087
1324 0.087
1325 0.087
1326 0.087
1327 0.087
1328 0.18
1329 0.18
1330 0.18
1331 0.18
1332 0.132
1333 0.132
1334 0.132
1335 0.132
1336 0.132
1337 0.132
1338 0.18
1339 0.18
1340 0.087
1341 0.087
1342 0.087
1343 0.087
1344 0.087
1345 0.087
1346 0.087
1347 0.087
1348 0.087
1349 0.087
1350 0.087
1351 0.087
1352 0.087
1353 0.087
1354 0.087
1355 0.087
1356 0.087
1357 0.087
1358 0.087
1359 0.087
1360 0.087
1361 0.087
1362 0.087
1363 0.087
1364 0.087
1365 0.087
1366 0.087
1367 0.087
1368 0.087
1369 0.087
1370 0.087
1371 0.087
1372 0.087
1373 0.087
1374 0.087
1375 0.087
1376 0.087
1377 0.087
1378 0.087
1379 0.087
1380 0.087
1381 0.087
1382 0.087
1383 0.087
1384 0.087
1385 0.087
1386 0.087
1387 0.087
1388 0.087
1389 0.087
1390 0.087
1391 0.087
1392 0.087
1393 0.087
1394 0.087
1395 0.087
1396 0.087
1397 0.087
1398 0.087
1399 0.087
1400 0.18
1401 0.18
1402 0.18
1403 0.18
1404 0.132
1405 0.132
1406 0.132
1407 0.132
1408 0.132
1409 0.132
1410 0.18
1411 0.18
1412 0.087
1413 0.087
1414 0.087
1415 0.087
1416 0.087
1417 0.087
1418 0.087
1419 0.087
1420 0.087
1421 0.087
1422 0.087
1423 0.087
1424 0.18
1425 0.18
1426 0.18
1427 0.18
1428 0.132
1429 0.132
1430 0.132
1431 0.132
1432 0.132
1433 0.132
1434 0.18
1435 0.18
1436 0.087
1437 0.087
1438 0.087
1439 0.087
1440 0.087
1441 0.087
1442 0.087
1443 0.087
1444 0.087
1445 0.087
1446 0.087
1447 0.087
1448 0.18
1449 0.18
1450 0.18
1451 0.18
1452 0.132
1453 0.132
1454 0.132
1455 0.132
1456 0.132
1457 0.132
1458 0.18
1459 0.18
1460 0.087
1461 0.087
1462 0.087
1463 0.087
1464 0.087
1465 0.087
1466 0.087
1467 0.087
1468 0.087
1469 0.087
1470 0.087
1471 0.087
1472 0.18
1473 0.18
1474 0.18
1475 0.18
1476 0.132
1477 0.132
1478 0.132
1479 0.132
1480 0.132
1481 0.132
1482 0.18
1483 0.18
1484 0.087
1485 0.087
1486 0.087
1487 0.087
1488 0.087
1489 0.087
1490 0.087
1491 0.087
1492 0.087
1493 0.087
1494 0.087
1495 0.087
1496 0.18
1497 0.18
1498 0.18
1499 0.18
1500 0.132
1501 0.132
1502 0.132
1503 0.132
1504 0.132
1505 0.132
1506 0.18
1507 0.18
1508 0.087
1509 0.087
1510 0.087
1511 0.087
1512 0.087
1513 0.087
1514 0.087
1515 0.087
1516 0.087
1517 0.087
1518 0.087
1519 0.087
1520 0.087
1521 0.087
1522 0.087
1523 0.087
1524 0.087
1525 0.087
1526 0.087
1527 0.087
1528 0.087
1529 0.087
1530 0.087
1531 0.087
1532 0.087
1533 0.087
1534 0.087
1535 0.087
1536 0.087
1537 0.087
1538 0.087
1539 0.087
1540 0.087
1541 0.087
1542 0.087
1543 0.087
1544 0.087
1545 0.087
1546 0.087
1547 0.087
1548 0.087
1549 0.087
1550 0.087
1551 0.087
1552 0.087
1553 0.087
1554 0.087
1555 0.087
1556 0.087
1557 0.087
1558 0.087
1559 0.087
1560 0.087
1561 0.087
1562 0.087
1563 0.087
1564 0.087
1565 0.087
1566 0.087
1567 0.087
1568 0.18
1569 0.18
1570 0.18
1571 0.18
1572 0.132
1573 0.132
1574 0.132
1575 0.132
1576 0.132
1577 0.132
1578 0.18
1579 0.18
1580 0.087
1581 0.087
1582 0.087
1583 0.087
1584 0.087
1585 0.087
1586 0.087
1587 0.087
1588 0.087
1589 0.087
1590 0.087
1591 0.087
1592 0.18
1593 0.18
1594 0.18
1595 0.18
1596 0.132
1597 0.132
1598 0.132
1599 0.132
1600 0.132
1601 0.132
1602 0.18
1603 0.18
1604 0.087
1605 0.087
1606 0.087
1607 0.087
1608 0.087
1609 0.087
1610 0.087
1611 0.087
1612 0.087
1613 0.087
1614 0.087
1615 0.087
1616 0.18
1617 0.18
1618 0.18
1619 0.18
1620 0.132
1621 0.132
1622 0.132
1623 0.132
1624 0.132
1625 0.132
1626 0.18
1627 0.18
1628 0.087
1629 0.087
1630 0.087
1631 0.087
1632 0.087
1633 0.087
1634 0.087
1635 0.087
1636 0.087
1637 0.087
1638 0.087
1639 0.087
1640 0.18
1641 0.18
1642 0.18
1643 0.18
1644 0.132
1645 0.132
1646 0.132
1647 0.132
1648 0.132
1649 0.132
1650 0.18
1651 0.18
1652 0.087
1653 0.087
1654 0.087
1655 0.087
1656 0.087
1657 0.087
1658 0.087
1659 0.087
1660 0.087
1661 0.087
1662 0.087
1663 0.087
1664 0.18
1665 0.18
1666 0.18
1667 0.18
1668 0.132
1669 0.132
1670 0.132
1671 0.132
1672 0.132
1673 0.132
1674 0.18
1675 0.18
1676 0.087
1677 0.087
1678 0.087
1679 0.087
1680 0.087
1681 0.087
1682 0.087
1683 0.087
1684 0.087
1685 0.087
1686 0.087
1687 0.087
1688 0.087
1689 0.087
1690 0.087
1691 0.087
1692 0.087
1693 0.087
1694 0.087
1695 0.087
1696 0.087
1697 0.087
1698 0.087
1699 0.087
1700 0.087
1701 0.087
1702 0.087
1703 0.087
1704 0.087
1705 0.087
1706 0.087
1707 0.087
1708 0.087
1709 0.087
1710 0.087
1711 0.087
1712 0.087
1713 0.087
1714 0.087
1715 0.087
1716 0.087
1717 0.087
1718 0.087
1719 0.087
1720 0.087
1721 0.087
1722 0.087
1723 0.087
1724 0.087
1725 0.087
1726 0.087
1727 0.087
1728 0.087
1729 0.087
1730 0.087
1731 0.087
1732 0.087
1733 0.087
1734 0.087
1735 0.087
1736 0.18
1737 0.18
1738 0.18
1739 0.18
1740 0.132
1741 0.132
1742 0.132
1743 0.132
1744 0.132
1745 0.132
1746 0.18
1747 0.18
1748 0.087
1749 0.087
1750 0.087
1751 0.087
1752 0.087
1753 0.087
1754 0.087
1755 0.087
1756 0.087
1757 0.087
1758 0.087
1759 0.087
1760 0.18
1761 0.18
1762 0.18
1763 0.18
1764 0.132
1765 0.132
1766 0.132
1767 0.132
1768 0.132
1769 0.132
1770 0.18
1771 0.18
1772 0.087
1773 0.087
1774 0.087
1775 0.087
1776 0.087
1777 0.087
1778 0.087
1779 0.087
1780 0.087
1781 0.087
1782 0.087
1783 0.087
1784 0.18
1785 0.18
1786 0.18
1787 0.18
1788 0.132
1789 0.132
1790 0.132
1791 0.132
1792 0.132
1793 0.132
1794 0.18
1795 0.18
1796 0.087
1797 0.087
1798 0.087
1799 0.087
1800 0.087
1801 0.087
1802 0.087
1803 0.087
1804 0.087
1805 0.087
1806 0.087
1807 0.087
1808 0.18
1809 0.18
1810 0.18
1811 0.18
1812 0.132
1813 0.132
1814 0.132
1815 0.132
1816 0.132
1817 0.132
1818 0.18
1819 0.18
1820 0.087
1821 0.087
1822 0.087
1823 0.087
1824 0.087
1825 0.087
1826 0.087
1827 0.087
1828 0.087
1829 0.087
1830 0.087
1831 0.087
1832 0.18
1833 0.18
1834 0.18
1835 0.18
1836 0.132
1837 0.132
1838 0.132
1839 0.132
1840 0.132
1841 0.132
1842 0.18
1843 0.18
1844 0.087
1845 0.087
1846 0.087
1847 0.087
1848 0.087
1849 0.087
1850 0.087
1851 0.087
1852 0.087
1853 0.087
1854 0.087
1855 0.087
1856 0.087
1857 0.087
1858 0.087
1859 0.087
1860 0.087
1861 0.087
1862 0.087
1863 0.087
1864 0.087
1865 0.087
1866 0.087
1867 0.087
1868 0.087
1869 0.087
1870 0.087
1871 0.087
1872 0.087
1873 0.087
1874 0.087
1875 0.087
1876 0.087
1877 0.087
1878 0.087
1879 0.087
1880 0.087
1881 0.087
1882 0.087
1883 0.087
1884 0.087
1885 0.087
1886 0.087
1887 0.087
1888 0.087
1889 0.087
1890 0.087
1891 0.087
1892 0.087
1893 0.087
1894 0.087
1895 0.087
1896 0.087
1897 0.087
1898 0.087
1899 0.087
1900 0.087
1901 0.087
1902 0.087
1903 0.087
1904 0.18
1905 0.18
1906 0.18
1907 0.18
1908 0.132
1909 0.132
1910 0.132
1911 0.132
1912 0.132
1913 0.132
1914 0.18
1915 0.18
1916 0.087
1917 0.087
1918 0.087
1919 0.087
1920 0.087
1921 0.087
1922 0.087
1923 0.087
1924 0.087
1925 0.087
1926 0.087
1927 0.087
1928 0.18
1929 0.18
1930 0.18
1931 0.18
1932 0.132
1933 0.132
1934 0.132
1935 0.132
1936 0.132
1937 0.132
1938 0.18
1939 0.18
1940 0.087
1941 0.087
1942 0.087
1943 0.087
1944 0.087
1945 0.087
1946 0.087
1947 0.087
1948 0.087
1949 0.087
1950 0.087
1951 0.087
1952 0.18
1953 0.18
1954 0.18
1955 0.18
1956 0.132
1957 0.132
1958 0.132
1959 0.132
1960 0.132
1961 0.132
1962 0.18
1963 0.18
1964 0.087
1965 0.087
1966 0.087
1967 0.087
1968 0.087
1969 0.087
1970 0.087
1971 0.087
1972 0.087
1973 0.087
1974 0.087
1975 0.087
1976 0.18
1977 0.18
1978 0.18
1979 0.18
1980 0.132
1981 0.132
1982 0.132
1983 0.132
1984 0.132
1985 0.132
1986 0.18
1987 0.18
1988 0.087
1989 0.087
1990 0.087
1991 0.087
1992 0.087
1993 0.087
1994 0.087
1995 0.087
1996 0.087
1997 0.087
1998 0.087
1999 0.087
2000 0.087
2001 0.087
2002 0.087
2003 0.087
2004 0.087
2005 0.087
2006 0.087
2007 0.087
2008 0.087
2009 0.087
2010 0.087
2011 0.087
2012 0.087
2013 0.087
2014 0.087
2015 0.087
2016 0.087
2017 0.087
2018 0.087
2019 0.087
2020 0.087
2021 0.087
2022 0.087
2023 0.087
2024 0.087
2025 0.087
2026 0.087
2027 0.087
2028 0.087
2029 0.087
2030 0.087
2031 0.087
2032 0.087
2033 0.087
2034 0.087
2035 0.087
2036 0.087
2037 0.087
2038 0.087
2039 0.087
2040 0.087
2041 0.087
2042 0.087
2043 0.087
2044 0.087
2045 0.087
2046 0.087
2047 0.087
2048 0.087
2049 0.087
2050 0.087
2051 0.087
2052 0.087
2053 0.087
2054 0.087
2055 0.087
2056 0.087
2057 0.087
2058 0.087
2059 0.087
2060 0.087
2061 0.087
2062 0.087
2063 0.087
2064 0.087
2065 0.087
2066 0.087
2067 0.087
2068 0.087
2069 0.087
2070 0.087
2071 0.087
2072 0.18
2073 0.18
2074 0.18
2075 0.18
2076 0.132
2077 0.132
2078 0.132
2079 0.132
2080 0.132
2081 0.132
2082 0.18
2083 0.18
2084 0.087
2085 0.087
2086 0.087
2087 0.087
2088 0.087
2089 0.087
2090 0.087
2091 0.087
2092 0.087
2093 0.087
2094 0.087
2095 0.087
2096 0.18
2097 0.18
2098 0.18
2099 0.18
2100 0.132
2101 0.132
2102 0.132
2103 0.132
2104 0.132
2105 0.132
2106 0.18
2107 0.18
2108 0.087
2109 0.087
2110 0.087
2111 0.087
2112 0.087
2113 0.087
2114 0.087
2115 0.087
2116 0.087
2117 0.087
2118 0.087
2119 0.087
2120 0.18
2121 0.18
2122 0.18
2123 0.18
2124 0.132
2125 0.132
2126 0.132
2127 0.132
2128 0.132
2129 0.132
2130 0.18
2131 0.18
2132 0.087
2133 0.087
2134 0.087
2135 0.087
2136 0.087
2137 0.087
2138 0.087
2139 0.087
2140 0.087
2141 0.087
2142 0.087
2143 0.087
2144 0.18
2145 0.18
2146 0.18
2147 0.18
2148 0.132
2149 0.132
2150 0.132
2151 0.132
2152 0.132
2153 0.132
2154 0.18
2155 0.18
2156 0.087
2157 0.087
2158 0.087
2159 0.087
2160 0.087
2161 0.087
2162 0.087
2163 0.087
2164 0.087
2165 0.087
2166 0.087
2167 0.087
2168 0.18
2169 0.18
2170 0.18
2171 0.18
2172 0.132
2173 0.132
2174 0.132
2175 0.132
2176 0.132
2177 0.132
2178 0.18
2179 0.18
2180 0.087
2181 0.087
2182 0.087
2183 0.087
2184 0.087
2185 0.087
2186 0.087
2187 0.087
2188 0.087
2189 0.087
2190 0.087
2191 0.087
2192 0.087
2193 0.087
2194 0.087
2195 0.087
2196 0.087
2197 0.087
2198 0.087
2199 0.087
2200 0.087
2201 0.087
2202 0.087
2203 0.087
2204 0.087
2205 0.087
2206 0.087
2207 0.087
2208 0.087
2209 0.087
2210 0.087
2211 0.087
2212 0.087
2213 0.087
2214 0.087
2215 0.087
2216 0.087
2217 0.087
2218 0.087
2219 0.087
2220 0.087
2221 0.087
2222 0.087
2223 0.087
2224 0.087
2225 0.087
2226 0.087
2227 0.087
2228 0.087
2229 0.087
2230 0.087
2231 0.087
2232 0.087
2233 0.087
2234 0.087
2235 0.087
2236 0.087
2237 0.087
2238 0.087
2239 0.087
2240 0.18
2241 0.18
2242 0.18
2243 0.18
2244 0.132
2245 0.132
2246 0.132
2247 0.132
2248 0.132
2249 0.132
2250 0.18
2251 0.18
2252 0.087
2253 0.087
2254 0.087
2255 0.087
2256 0.087
2257 0.087
2258 0.087
2259 0.087
2260 0.087
2261 0.087
2262 0.087
2263 0.087
2264 0.18
2265 0.18
2266 0.18
2267 0.18
2268 0.132
2269 0.132
2270 0.132
2271 0.132
2272 0.132
2273 0.132
2274 0.18
2275 0.18
2276 0.087
2277 0.087
2278 0.087
2279 0.087
2280 0.087
2281 0.087
2282 0.087
2283 0.087
2284 0.087
2285 0.087
2286 0.087
2287 0.087
2288 0.18
2289 0.18
2290 0.18
2291 0.18
2292 0.132
2293 0.132
2294 0.132
2295 0.132
2296 0.132
2297 0.132
2298 0.18
2299 0.18
2300 0.087
2301 0.087
2302 0.087
2303 0.087
2304 0.087
2305 0.087
2306 0.087
2307 0.087
2308 0.087
2309 0.087
2310 0.087
2311 0.087
2312 0.18
2313 0.18
2314 0.18
2315 0.18
2316 0.132
2317 0.132
2318 0.132
2319 0.132
2320 0.132
2321 0.132
2322 0.18
2323 0.18
2324 0.087
2325 0.087
2326 0.087
2327 0.087
2328 0.087
2329 0.087
2330 0.087
2331 0.087
2332 0.087
2333 0.087
2334 0.087
2335 0.087
2336 0.18
2337 0.18
2338 0.18
2339 0.18
2340 0.132
2341 0.132
2342 0.132
2343 0.132
2344 0.132
2345 0.132
2346 0.18
2347 0.18
2348 0.087
2349 0.087
2350 0.087
2351 0.087
2352 0.087
2353 0.087
2354 0.087
2355 0.087
2356 0.087
2357 0.087
2358 0.087
2359 0.087
2360 0.087
2361 0.087
2362 0.087
2363 0.087
2364 0.087
2365 0.087
2366 0.087
2367 0.087
2368 0.087
2369 0.087
2370 0.087
2371 0.087
2372 0.087
2373 0.087
2374 0.087
2375 0.087
2376 0.087
2377 0.087
2378 0.087
2379 0.087
2380 0.087
2381 0.087
2382 0.087
2383 0.087
2384 0.087
2385 0.087
2386 0.087
2387 0.087
2388 0.087
2389 0.087
2390 0.087
2391 0.087
2392 0.087
2393 0.087
2394 0.087
2395 0.087
2396 0.087
2397 0.087
2398 0.087
2399 0.087
2400 0.087
2401 0.087
2402 0.087
2403 0.087
2404 0.087
2405 0.087
2406 0.087
2407 0.087
2408 0.18
2409 0.18
2410 0.18
2411 0.18
2412 0.132
2413 0.132
2414 0.132
2415 0.132
2416 0.132
2417 0.132
2418 0.18
2419 0.18
2420 0.087
2421 0.087
2422 0.087
2423 0.087
2424 0.087
2425 0.087
2426 0.087
2427 0.087
2428 0.087
2429 0.087
2430 0.087
2431 0.087
2432 0.18
2433 0.18
2434 0.18
2435 0.18
2436 0.132
2437 0.132
2438 0.132
2439 0.132
2440 0.132
2441 0.132
2442 0.18
2443 0.18
2444 0.087
2445 0.087
2446 0.087
2447 0.087
2448 0.087
2449 0.087
2450 0.087
2451 0.087
2452 0.087
2453 0.087
2454 0.087
2455 0.087
2456 0.18
2457 0.18
2458 0.18
2459 0.18
2460 0.132
2461 0.132
2462 0.132
2463 0.132
2464 0.132
2465 0.132
2466 0.18
2467 0.18
2468 0.087
2469 0.087
2470 0.087
2471 0.087
2472 0.087
2473 0.087
2474 0.087
2475 0.087
2476 0.087
2477 0.087
2478 0.087
2479 0.087
2480 0.18
2481 0.18
2482 0.18
2483 0.18
2484 0.132
2485 0.132
2486 0.132
2487 0.132
2488 0.132
2489 0.132
2490 0.18
2491 0.18
2492 0.087
2493 0.087
2494 0.087
2495 0.087
2496 0.087
2497 0.087
2498 0.087
2499 0.087
2500 0.087
2501 0.087
2502 0.087
2503 0.087
2504 0.18
2505 0.18
2506 0.18
2507 0.18
2508 0.132
2509 0.132
2510 0.132
2511 0.132
2512 0.132
2513 0.132
2514 0.18
2515 0.18
2516 0.087
2517 0.087
2518 0.087
2519 0.087
2520 0.087
2521 0.087
2522 0.087
2523 0.087
2524 0.087
2525 0.087
2526 0.087
2527 0.087
2528 0.087
2529 0.087
2530 0.087
2531 0.087
2532 0.087
2533 0.087
2534 0.087
2535 0.087
2536 0.087
2537 0.087
2538 0.087
2539 0.087
2540 0.087
2541 0.087
2542 0.087
2543 0.087
2544 0.087
2545 0.087
2546 0.087
2547 0.087
2548 0.087
2549 0.087
2550 0.087
2551 0.087
2552 0.087
2553 0.087
2554 0.087
2555 0.087
2556 0.087
2557 0.087
2558 0.087
2559 0.087
2560 0.087
2561 0.087
2562 0.087
2563 0.087
2564 0.087
2565 0.087
2566 0.087
2567 0.087
2568 0.087
2569 0.087
2570 0.087
2571 0.087
2572 0.087
2573 0.087
2574 0.087
2575 0.087
2576 0.18
2577 0.18
2578 0.18
2579 0.18
2580 0.132
2581 0.132
2582 0.132
2583 0.132
2584 0.132
2585 0.132
2586 0.18
2587 0.18
2588 0.087
2589 0.087
2590 0.087
2591 0.087
2592 0.087
2593 0.087
2594 0.087
2595 0.087
2596 0.087
2597 0.087
2598 0.087
2599 0.087
2600 0.18
2601 0.18
2602 0.18
2603 0.18
2604 0.132
2605 0.132
2606 0.132
2607 0.132
2608 0.132
2609 0.132
2610 0.18
2611 0.18
2612 0.087
2613 0.087
2614 0.087
2615 0.087
2616 0.087
2617 0.087
2618 0.087
2619 0.087
2620 0.087
2621 0.087
2622 0.087
2623 0.087
2624 0.18
2625 0.18
2626 0.18
2627 0.18
2628 0.132
2629 0.132
2630 0.132
2631 0.132
2632 0.132
2633 0.132
2634 0.18
2635 0.18
2636 0.087
2637 0.087
2638 0.087
2639 0.087
2640 0.087
2641 0.087
2642 0.087
2643 0.087
2644 0.087
2645 0.087
2646 0.087
2647 0.087
2648 0.18
2649 0.18
2650 0.18
2651 0.18
2652 0.132
2653 0.132
2654 0.132
2655 0.132
2656 0.132
2657 0.132
2658 0.18
2659 0.18
2660 0.087
2661 0.087
2662 0.087
2663 0.087
2664 0.087
2665 0.087
2666 0.087
2667 0.087
2668 0.087
2669 0.087
2670 0.087
2671 0.087
2672 0.18
2673 0.18
2674 0.18
2675 0.18
2676 0.132
2677 0.132
2678 0.132
2679 0.132
2680 0.132
2681 0.132
2682 0.18
2683 0.18
2684 0.087
2685 0.087
2686 0.087
2687 0.087
2688 0.087
2689 0.087
2690 0.087
2691 0.087
2692 0.087
2693 0.087
2694 0.087
2695 0.087
2696 0.087
2697 0.087
2698 0.087
2699 0.087
2700 0.087
2701 0.087
2702 0.087
2703 0.087
2704 0.087
2705 0.087
2706 0.087
2707 0.087
2708 0.087
2709 0.087
2710 0.087
2711 0.087
2712 0.087
2713 0.087
2714 0.087
2715 0.087
2716 0.087
2717 0.087
2718 0.087
2719 0.087
2720 0.087
2721 0.087
2722 0.087
2723 0.087
2724 0.087
2725 0.087
2726 0.087
2727 0.087
2728 0.087
2729 0.087
2730 0.087
2731 0.087
2732 0.087
2733 0.087
2734 0.087
2735 0.087
2736 0.087
2737 0.087
2738 0.087
2739 0.087
2740 0.087
2741 0.087
2742 0.087
2743 0.087
2744 0.18
2745 0.18
2746 0.18
2747 0.18
2748 0.132
2749 0.132
2750 0.132
2751 0.132
2752 0.132
2753 0.132
2754 0.18
2755 0.18
2756 0.087
2757 0.087
2758 0.087
2759 0.087
2760 0.087
2761 0.087
2762 0.087
2763 0.087
2764 0.087
2765 0.087
2766 0.087
2767 0.087
2768 0.18
2769 0.18
2770 0.18
2771 0.18
2772 0.132
2773 0.132
2774 0.132
2775 0.132
2776 0.132
2777 0.132
2778 0.18
2779 0.18
2780 0.087
2781 0.087
2782 0.087
2783 0.087
2784 0.087
2785 0.087
2786 0.087
2787 0.087
2788 0.087
2789 0.087
2790 0.087
2791 0.087
2792 0.18
2793 0.18
2794 0.18
2795 0.18
2796 0.132
2797 0.132
2798 0.132
2799 0.132
2800 0.132
2801 0.132
2802 0.18
2803 0.18
2804 0.087
2805 0.087
2806 0.087
2807 0.087
2808 0.087
2809 0.087
2810 0.087
2811 0.087
2812 0.087
2813 0.087
2814 0.087
2815 0.087
2816 0.18
2817 0.18
2818 0.18
2819 0.18
2820 0.132
2821 0.132
2822 0.132
2823 0.132
2824 0.132
2825 0.132
2826 0.18
2827 0.18
2828 0.087
2829 0.087
2830 0.087
2831 0.087
2832 0.087
2833 0.087
2834 0.087
2835 0.087
2836 0.087
2837 0.087
2838 0.087
2839 0.087
2840 0.18
2841 0.18
2842 0.18
2843 0.18
2844 0.132
2845 0.132
2846 0.132
2847 0.132
2848 0.132
2849 0.132
2850 0.18
2851 0.18
2852 0.087
2853 0.087
2854 0.087
2855 0.087
2856 0.087
2857 0.087
2858 0.087
2859 0.087
2860 0.087
2861 0.087
2862 0.087
2863 0.087
2864 0.087
2865 0.087
2866 0.087
2867 0.087
2868 0.087
2869 0.087
2870 0.087
2871 0.087
2872 0.087
2873 0.087
2874 0.087
2875 0.087
2876 0.087
2877 0.087
2878 0.087
2879 0.087
2880 0.087
2881 0.087
2882 0.087
2883 0.087
2884 0.087
2885 0.087
2886 0.087
2887 0.087
2888 0.087
2889 0.087
2890 0.087
2891 0.087
2892 0.087
2893 0.087
2894 0.087
2895 0.087
2896 0.087
2897 0.087
2898 0.087
2899 0.087
2900 0.087
2901 0.087
2902 0.087
2903 0.087
2904 0.087
2905 0.087
2906 0.087
2907 0.087
2908 0.087
2909 0.087
2910 0.087
2911 0.087
2912 0.132
2913 0.132
2914 0.132
2915 0.132
2916 0.18
2917 0.18
2918 0.18
2919 0.18
2920 0.18
2921 0.18
2922 0.132
2923 0.132
2924 0.087
2925 0.087
2926 0.087
2927 0.087
2928 0.087
2929 0.087
2930 0.087
2931 0.087
2932 0.087
2933 0.087
2934 0.087
2935 0.087
2936 0.132
2937 0.132
2938 0.132
2939 0.132
2940 0.18
2941 0.18
2942 0.18
2943 0.18
2944 0.18
2945 0.18
2946 0.132
2947 0.132
2948 0.087
2949 0.087
2950 0.087
2951 0.087
2952 0.087
2953 0.087
2954 0.087
2955 0.087
2956 0.087
2957 0.087
2958 0.087
2959 0.087
2960 0.132
2961 0.132
2962 0.132
2963 0.132
2964 0.18
2965 0.18
2966 0.18
2967 0.18
2968 0.18
2969 0.18
2970 0.132
2971 0.132
2972 0.087
2973 0.087
2974 0.087
2975 0.087
2976 0.087
2977 0.087
2978 0.087
2979 0.087
2980 0.087
2981 0.087
2982 0.087
2983 0.087
2984 0.132
2985 0.132
2986 0.132
2987 0.132
2988 0.18
2989 0.18
2990 0.18
2991 0.18
2992 0.18
2993 0.18
2994 0.132
2995 0.132
2996 0.087
2997 0.087
2998 0.087
2999 0.087
3000 0.087
3001 0.087
3002 0.087
3003 0.087
3004 0.087
3005 0.087
3006 0.087
3007 0.087
3008 0.132
3009 0.132
3010 0.132
3011 0.132
3012 0.18
3013 0.18
3014 0.18
3015 0.18
3016 0.18
3017 0.18
3018 0.132
3019 0.132
3020 0.087
3021 0.087
3022 0.087
3023 0.087
3024 0.087
3025 0.087
3026 0.087
3027 0.087
3028 0.087
3029 0.087
3030 0.087
3031 0.087
3032 0.087
3033 0.087
3034 0.087
3035 0.087
3036 0.087
3037 0.087
3038 0.087
3039 0.087
3040 0.087
3041 0.087
3042 0.087
3043 0.087
3044 0.087
3045 0.087
3046 0.087
3047 0.087
3048 0.087
3049 0.087
3050 0.087
3051 0.087
3052 0.087
3053 0.087
3054 0.087
3055 0.087
3056 0.087
3057 0.087
3058 0.087
3059 0.087
3060 0.087
3061 0.087
3062 0.087
3063 0.087
3064 0.087
3065 0.087
3066 0.087
3067 0.087
3068 0.087
3069 0.087
3070 0.087
3071 0.087
3072 0.087
3073 0.087
3074 0.087
3075 0.087
3076 0.087
3077 0.087
3078 0.087
3079 0.087
3080 0.132
3081 0.132
3082 0.132
3083 0.132
3084 0.18
3085 0.18
3086 0.18
3087 0.18
3088 0.18
3089 0.18
3090 0.132
3091 0.132
3092 0.087
3093 0.087
3094 0.087
3095 0.087
3096 0.087
3097 0.087
3098 0.087
3099 0.087
3100 0.087
3101 0.087
3102 0.087
3103 0.087
3104 0.132
3105 0.132
3106 0.132
3107 0.132
3108 0.18
3109 0.18
3110 0.18
3111 0.18
3112 0.18
3113 0.18
3114 0.132
3115 0.132
3116 0.087
3117 0.087
3118 0.087
3119 0.087
3120 0.087
3121 0.087
3122 0.087
3123 0.087
3124 0.087
3125 0.087
3126 0.087
3127 0.087
3128 0.132
3129 0.132
3130 0.132
3131 0.132
3132 0.18
3133 0.18
3134 0.18
3135 0.18
3136 0.18
3137 0.18
3138 0.132
3139 0.132
3140 0.087
3141 0.087
3142 0.087
3143 0.087
3144 0.087
3145 0.087
3146 0.087
3147 0.087
3148 0.087
3149 0.087
3150 0.087
3151 0.087
3152 0.132
3153 0.132
3154 0.132
3155 0.132
3156 0.18
3157 0.18
3158 0.18
3159 0.18
3160 0.18
3161 0.18
3162 0.132
3163 0.132
3164 0.087
3165 0.087
3166 0.087
3167 0.087
3168 0.087
3169 0.087
3170 0.087
3171 0.087
3172 0.087
3173 0.087
3174 0.087
3175 0.087
3176 0.132
3177 0.132
3178 0.132
3179 0.132
3180 0.18
3181 0.18
3182 0.18
3183 0.18
3184 0.18
3185 0.18
3186 0.132
3187 0.132
3188 0.087
3189 0.087
3190 0.087
3191 0.087
3192 0.087
3193 0.087
3194 0.087
3195 0.087
3196 0.087
3197 0.087
3198 0.087
3199 0.087
3200 0.087
3201 0.087
3202 0.087
3203 0.087
3204 0.087
3205 0.087
3206 0.087
3207 0.087
3208 0.087
3209 0.087
3210 0.087
3211 0.087
3212 0.087
3213 0.087
3214 0.087
3215 0.087
3216 0.087
3217 0.087
3218 0.087
3219 0.087
3220 0.087
3221 0.087
3222 0.087
3223 0.087
3224 0.087
3225 0.087
3226 0.087
3227 0.087
3228 0.087
3229 0.087
3230 0.087
3231 0.087
3232 0.087
3233 0.087
3234 0.087
3235 0.087
3236 0.087
3237 0.087
3238 0.087
3239 0.087
3240 0.087
3241 0.087
3242 0.087
3243 0.087
3244 0.087
3245 0.087
3246 0.087
3247 0.087
3248 0.132
3249 0.132
3250 0.132
3251 0.132
3252 0.18
3253 0.18
3254 0.18
3255 0.18
3256 0.18
3257 0.18
3258 0.132
3259 0.132
3260 0.087
3261 0.087
3262 0.087
3263 0.087
3264 0.087
3265 0.087
3266 0.087
3267 0.087
3268 0.087
3269 0.087
3270 0.087
3271 0.087
3272 0.132
3273 0.132
3274 0.132
3275 0.132
3276 0.18
3277 0.18
3278 0.18
3279 0.18
3280 0.18
3281 0.18
3282 0.132
3283 0.132
3284 0.087
3285 0.087
3286 0.087
3287 0.087
3288 0.087
3289 0.087
3290 0.087
3291 0.087
3292 0.087
3293 0.087
3294 0.087
3295 0.087
3296 0.132
3297 0.132
3298 0.132
3299 0.132
3300 0.18
3301 0.18
3302 0.18
3303 0.18
3304 0.18
3305 0.18
3306 0.132
3307 0.132
3308 0.087
3309 0.087
3310 0.087
3311 0.087
3312 0.087
3313 0.087
3314 0.087
3315 0.087
3316 0.087
3317 0.087
3318 0.087
3319 0.087
3320 0.132
3321 0.132
3322 0.132
3323 0.132
3324 0.18
3325 0.18
3326 0.18
3327 0.18
3328 0.18
3329 0.18
3330 0.132
3331 0.132
3332 0.087
3333 0.087
3334 0.087
3335 0.087
3336 0.087
3337 0.087
3338 0.087
3339 0.087
3340 0.087
3341 0.087
3342 0.087
3343 0.087
3344 0.132
3345 0.132
3346 0.132
3347 0.132
3348 0.18
3349 0.18
3350 0.18
3351 0.18
3352 0.18
3353 0.18
3354 0.132
3355 0.132
3356 0.087
3357 0.087
3358 0.087
3359 0.087
3360 0.087
3361 0.087
3362 0.087
3363 0.087
3364 0.087
3365 0.087
3366 0.087
3367 0.087
3368 0.087
3369 0.087
3370 0.087
3371 0.087
3372 0.087
3373 0.087
3374 0.087
3375 0.087
3376 0.087
3377 0.087
3378 0.087
3379 0.087
3380 0.087
3381 0.087
3382 0.087
3383 0.087
3384 0.087
3385 0.087
3386 0.087
3387 0.087
3388 0.087
3389 0.087
3390 0.087
3391 0.087
3392 0.087
3393 0.087
3394 0.087
3395 0.087
3396 0.087
3397 0.087
3398 0.087
3399 0.087
3400 0.087
3401 0.087
3402 0.087
3403 0.087
3404 0.087
3405 0.087
3406 0.087
3407 0.087
3408 0.087
3409 0.087
3410 0.087
3411 0.087
3412 0.087
3413 0.087
3414 0.087
3415 0.087
3416 0.087
3417 0.087
3418 0.087
3419 0.087
3420 0.087
3421 0.087
3422 0.087
3423 0.087
3424 0.087
3425 0.087
3426 0.087
3427 0.087
3428 0.087
3429 0.087
3430 0.087
3431 0.087
3432 0.087
3433 0.087
3434 0.087
3435 0.087
3436 0.087
3437 0.087
3438 0.087
3439 0.087
3440 0.132
3441 0.132
3442 0.132
3443 0.132
3444 0.18
3445 0.18
3446 0.18
3447 0.18
3448 0.18
3449 0.18
3450 0.132
3451 0.132
3452 0.087
3453 0.087
3454 0.087
3455 0.087
3456 0.087
3457 0.087
3458 0.087
3459 0.087
3460 0.087
3461 0.087
3462 0.087
3463 0.087
3464 0.132
3465 0.132
3466 0.132
3467 0.132
3468 0.18
3469 0.18
3470 0.18
3471 0.18
3472 0.18
3473 0.18
3474 0.132
3475 0.132
3476 0.087
3477 0.087
3478 0.087
3479 0.087
3480 0.087
3481 0.087
3482 0.087
3483 0.087
3484 0.087
3485 0.087
3486 0.087
3487 0.087
3488 0.132
3489 0.132
3490 0.132
3491 0.132
3492 0.18
3493 0.18
3494 0.18
3495 0.18
3496 0.18
3497 0.18
3498 0.132
3499 0.132
3500 0.087
3501 0.087
3502 0.087
3503 0.087
3504 0.087
3505 0.087
3506 0.087
3507 0.087
3508 0.087
3509 0.087
3510 0.087
3511 0.087
3512 0.132
3513 0.132
3514 0.132
3515 0.132
3516 0.18
3517 0.18
3518 0.18
3519 0.18
3520 0.18
3521 0.18
3522 0.132
3523 0.132
3524 0.087
3525 0.087
3526 0.087
3527 0.087
3528 0.087
3529 0.087
3530 0.087
3531 0.087
3532 0.087
3533 0.087
3534 0.087
3535 0.087
3536 0.087
3537 0.087
3538 0.087
3539 0.087
3540 0.087
3541 0.087
3542 0.087
3543 0.087
3544 0.087
3545 0.087
3546 0.087
3547 0.087
3548 0.087
3549 0.087
3550 0.087
3551 0.087
3552 0.087
3553 0.087
3554 0.087
3555 0.087
3556 0.087
3557 0.087
3558 0.087
3559 0.087
3560 0.087
3561 0.087
3562 0.087
3563 0.087
3564 0.087
3565 0.087
3566 0.087
3567 0.087
3568 0.087
3569 0.087
3570 0.087
3571 0.087
3572 0.087
3573 0.087
3574 0.087
3575 0.087
3576 0.087
3577 0.087
3578 0.087
3579 0.087
3580 0.087
3581 0.087
3582 0.087
3583 0.087
3584 0.132
3585 0.132
3586 0.132
3587 0.132
3588 0.18
3589 0.18
3590 0.18
3591 0.18
3592 0.18
3593 0.18
3594 0.132
3595 0.132
3596 0.087
3597 0.087
3598 0.087
3599 0.087
3600 0.087
3601 0.087
3602 0.087
3603 0.087
3604 0.087
3605 0.087
3606 0.087
3607 0.087
3608 0.132
3609 0.132
3610 0.132
3611 0.132
3612 0.18
3613 0.18
3614 0.18
3615 0.18
3616 0.18
3617 0.18
3618 0.132
3619 0.132
3620 0.087
3621 0.087
3622 0.087
3623 0.087
3624 0.087
3625 0.087
3626 0.087
3627 0.087
3628 0.087
3629 0.087
3630 0.087
3631 0.087
3632 0.132
3633 0.132
3634 0.132
3635 0.132
3636 0.18
3637 0.18
3638 0.18
3639 0.18
3640 0.18
3641 0.18
3642 0.132
3643 0.132
3644 0.087
3645 0.087
3646 0.087
3647 0.087
3648 0.087
3649 0.087
3650 0.087
3651 0.087
3652 0.087
3653 0.087
3654 0.087
3655 0.087
3656 0.132
3657 0.132
3658 0.132
3659 0.132
3660 0.18
3661 0.18
3662 0.18
3663 0.18
3664 0.18
3665 0.18
3666 0.132
3667 0.132
3668 0.087
3669 0.087
3670 0.087
3671 0.087
3672 0.087
3673 0.087
3674 0.087
3675 0.087
3676 0.087
3677 0.087
3678 0.087
3679 0.087
3680 0.132
3681 0.132
3682 0.132
3683 0.132
3684 0.18
3685 0.18
3686 0.18
3687 0.18
3688 0.18
3689 0.18
3690 0.132
3691 0.132
3692 0.087
3693 0.087
3694 0.087
3695 0.087
3696 0.087
3697 0.087
3698 0.087
3699 0.087
3700 0.087
3701 0.087
3702 0.087
3703 0.087
3704 0.087
3705 0.087
3706 0.087
3707 0.087
3708 0.087
3709 0.087
3710 0.087
3711 0.087
3712 0.087
3713 0.087
3714 0.087
3715 0.087
3716 0.087
3717 0.087
3718 0.087
3719 0.087
3720 0.087
3721 0.087
3722 0.087
3723 0.087
3724 0.087
3725 0.087
3726 0.087
3727 0.087
3728 0.087
3729 0.087
3730 0.087
3731 0.087
3732 0.087
3733 0.087
3734 0.087
3735 0.087
3736 0.087
3737 0.087
3738 0.087
3739 0.087
3740 0.087
3741 0.087
3742 0.087
3743 0.087
3744 0.087
3745 0.087
3746 0.087
3747 0.087
3748 0.087
3749 0.087
3750 0.087
3751 0.087
3752 0.132
3753 0.132
3754 0.132
3755 0.132
3756 0.18
3757 0.18
3758 0.18
3759 0.18
3760 0.18
3761 0.18
3762 0.132
3763 0.132
3764 0.087
3765 0.087
3766 0.087
3767 0.087
3768 0.087
3769 0.087
3770 0.087
3771 0.087
3772 0.087
3773 0.087
3774 0.087
3775 0.087
3776 0.132
3777 0.132
3778 0.132
3779 0.132
3780 0.18
3781 0.18
3782 0.18
3783 0.18
3784 0.18
3785 0.18
3786 0.132
3787 0.132
3788 0.087
3789 0.087
3790 0.087
3791 0.087
3792 0.087
3793 0.087
3794 0.087
3795 0.087
3796 0.087
3797 0.087
3798 0.087
3799 0.087
3800 0.132
3801 0.132
3802 0.132
3803 0.132
3804 0.18
3805 0.18
3806 0.18
3807 0.18
3808 0.18
3809 0.18
3810 0.132
3811 0.132
3812 0.087
3813 0.087
3814 0.087
3815 0.087
3816 0.087
3817 0.087
3818 0.087
3819 0.087
3820 0.087
3821 0.087
3822 0.087
3823 0.087
3824 0.132
3825 0.132
3826 0.132
3827 0.132
3828 0.18
3829 0.18
3830 0.18
3831 0.18
3832 0.18
3833 0.18
3834 0.132
3835 0.132
3836 0.087
3837 0.087
3838 0.087
3839 0.087
3840 0.087
3841 0.087
3842 0.087
3843 0.087
3844 0.087
3845 0.087
3846 0.087
3847 0.087
3848 0.132
3849 0.132
3850 0.132
3851 0.132
3852 0.18
3853 0.18
3854 0.18
3855 0.18
3856 0.18
3857 0.18
3858 0.132
3859 0.132
3860 0.087
3861 0.087
3862 0.087
3863 0.087
3864 0.087
3865 0.087
3866 0.087
3867 0.087
3868 0.087
3869 0.087
3870 0.087
3871 0.087
3872 0.087
3873 0.087
3874 0.087
3875 0.087
3876 0.087
3877 0.087
3878 0.087
3879 0.087
3880 0.087
3881 0.087
3882 0.087
3883 0.087
3884 0.087
3885 0.087
3886 0.087
3887 0.087
3888 0.087
3889 0.087
3890 0.087
3891 0.087
3892 0.087
3893 0.087
3894 0.087
3895 0.087
3896 0.087
3897 0.087
3898 0.087
3899 0.087
3900 0.087
3901 0.087
3902 0.087
3903 0.087
3904 0.087
3905 0.087
3906 0.087
3907 0.087
3908 0.087
3909 0.087
3910 0.087
3911 0.087
3912 0.087
3913 0.087
3914 0.087
3915 0.087
3916 0.087
3917 0.087
3918 0.087
3919 0.087
3920 0.132
3921 0.132
3922 0.132
3923 0.132
3924 0.18
3925 0.18
3926 0.18
3927 0.18
3928 0.18
3929 0.18
3930 0.132
3931 0.132
3932 0.087
3933 0.087
3934 0.087
3935 0.087
3936 0.087
3937 0.087
3938 0.087
3939 0.087
3940 0.087
3941 0.087
3942 0.087
3943 0.087
3944 0.132
3945 0.132
3946 0.132
3947 0.132
3948 0.18
3949 0.18
3950 0.18
3951 0.18
3952 0.18
3953 0.18
3954 0.132
3955 0.132
3956 0.087
3957 0.087
3958 0.087
3959 0.087
3960 0.087
3961 0.087
3962 0.087
3963 0.087
3964 0.087
3965 0.087
3966 0.087
3967 0.087
3968 0.132
3969 0.132
3970 0.132
3971 0.132
3972 0.18
3973 0.18
3974 0.18
3975 0.18
3976 0.18
3977 0.18
3978 0.132
3979 0.132
3980 0.087
3981 0.087
3982 0.087
3983 0.087
3984 0.087
3985 0.087
3986 0.087
3987 0.087
3988 0.087
3989 0.087
3990 0.087
3991 0.087
3992 0.132
3993 0.132
3994 0.132
3995 0.132
3996 0.18
3997 0.18
3998 0.18
3999 0.18
4000 0.18
4001 0.18
4002 0.132
4003 0.132
4004 0.087
4005 0.087
4006 0.087
4007 0.087
4008 0.087
4009 0.087
4010 0.087
4011 0.087
4012 0.087
4013 0.087
4014 0.087
4015 0.087
4016 0.132
4017 0.132
4018 0.132
4019 0.132
4020 0.18
4021 0.18
4022 0.18
4023 0.18
4024 0.18
4025 0.18
4026 0.132
4027 0.132
4028 0.087
4029 0.087
4030 0.087
4031 0.087
4032 0.087
4033 0.087
4034 0.087
4035 0.087
4036 0.087
4037 0.087
4038 0.087
4039 0.087
4040 0.087
4041 0.087
4042 0.087
4043 0.087
4044 0.087
4045 0.087
4046 0.087
4047 0.087
4048 0.087
4049 0.087
4050 0.087
4051 0.087
4052 0.087
4053 0.087
4054 0.087
4055 0.087
4056 0.087
4057 0.087
4058 0.087
4059 0.087
4060 0.087
4061 0.087
4062 0.087
4063 0.087
4064 0.087
4065 0.087
4066 0.087
4067 0.087
4068 0.087
4069 0.087
4070 0.087
4071 0.087
4072 0.087
4073 0.087
4074 0.087
4075 0.087
4076 0.087
4077 0.087
4078 0.087
4079 0.087
4080 0.087
4081 0.087
4082 0.087
4083 0.087
4084 0.087
4085 0.087
4086 0.087
4087 0.087
4088 0.132
4089 0.132
4090 0.132
4091 0.132
4092 0.18
4093 0.18
4094 0.18
4095 0.18
4096 0.18
4097 0.18
4098 0.132
4099 0.132
4100 0.087
4101 0.087
4102 0.087
4103 0.087
4104 0.087
4105 0.087
4106 0.087
4107 0.087
4108 0.087
4109 0.087
4110 0.087
4111 0.087
4112 0.132
4113 0.132
4114 0.132
4115 0.132
4116 0.18
4117 0.18
4118 0.18
4119 0.18
4120 0.18
4121 0.18
4122 0.132
4123 0.132
4124 0.087
4125 0.087
4126 0.087
4127 0.087
4128 0.087
4129 0.087
4130 0.087
4131 0.087
4132 0.087
4133 0.087
4134 0.087
4135 0.087
4136 0.132
4137 0.132
4138 0.132
4139 0.132
4140 0.18
4141 0.18
4142 0.18
4143 0.18
4144 0.18
4145 0.18
4146 0.132
4147 0.132
4148 0.087
4149 0.087
4150 0.087
4151 0.087
4152 0.087
4153 0.087
4154 0.087
4155 0.087
4156 0.087
4157 0.087
4158 0.087
4159 0.087
4160 0.132
4161 0.132
4162 0.132
4163 0.132
4164 0.18
4165 0.18
4166 0.18
4167 0.18
4168 0.18
4169 0.18
4170 0.132
4171 0.132
4172 0.087
4173 0.087
4174 0.087
4175 0.087
4176 0.087
4177 0.087
4178 0.087
4179 0.087
4180 0.087
4181 0.087
4182 0.087
4183 0.087
4184 0.132
4185 0.132
4186 0.132
4187 0.132
4188 0.18
4189 0.18
4190 0.18
4191 0.18
4192 0.18
4193 0.18
4194 0.132
4195 0.132
4196 0.087
4197 0.087
4198 0.087
4199 0.087
4200 0.087
4201 0.087
4202 0.087
4203 0.087
4204 0.087
4205 0.087
4206 0.087
4207 0.087
4208 0.087
4209 0.087
4210 0.087
4211 0.087
4212 0.087
4213 0.087
4214 0.087
4215 0.087
4216 0.087
4217 0.087
4218 0.087
4219 0.087
4220 0.087
4221 0.087
4222 0.087
4223 0.087
4224 0.087
4225 0.087
4226 0.087
4227 0.087
4228 0.087
4229 0.087
4230 0.087
4231 0.087
4232 0.087
4233 0.087
4234 0.087
4235 0.087
4236 0.087
4237 0.087
4238 0.087
4239 0.087
4240 0.087
4241 0.087
4242 0.087
4243 0.087
4244 0.087
4245 0.087
4246 0.087
4247 0.087
4248 0.087
4249 0.087
4250 0.087
4251 0.087
4252 0.087
4253 0.087
4254 0.087
4255 0.087
4256 0.132
4257 0.132
4258 0.132
4259 0.132
4260 0.18
4261 0.18
4262 0.18
4263 0.18
4264 0.18
4265 0.18
4266 0.132
4267 0.132
4268 0.087
4269 0.087
4270 0.087
4271 0.087
4272 0.087
4273 0.087
4274 0.087
4275 0.087
4276 0.087
4277 0.087
4278 0.087
4279 0.087
4280 0.132
4281 0.132
4282 0.132
4283 0.132
4284 0.18
4285 0.18
4286 0.18
4287 0.18
4288 0.18
4289 0.18
4290 0.132
4291 0.132
4292 0.087
4293 0.087
4294 0.087
4295 0.087
4296 0.087
4297 0.087
4298 0.087
4299 0.087
4300 0.087
4301 0.087
4302 0.087
4303 0.087
4304 0.132
4305 0.132
4306 0.132
4307 0.132
4308 0.18
4309 0.18
4310 0.18
4311 0.18
4312 0.18
4313 0.18
4314 0.132
4315 0.132
4316 0.087
4317 0.087
4318 0.087
4319 0.087
4320 0.087
4321 0.087
4322 0.087
4323 0.087
4324 0.087
4325 0.087
4326 0.087
4327 0.087
4328 0.132
4329 0.132
4330 0.132
4331 0.132
4332 0.18
4333 0.18
4334 0.18
4335 0.18
4336 0.18
4337 0.18
4338 0.132
4339 0.132
4340 0.087
4341 0.087
4342 0.087
4343 0.087
4344 0.087
4345 0.087
4346 0.087
4347 0.087
4348 0.087
4349 0.087
4350 0.087
4351 0.087
4352 0.087
4353 0.087
4354 0.087
4355 0.087
4356 0.087
4357 0.087
4358 0.087
4359 0.087
4360 0.087
4361 0.087
4362 0.087
4363 0.087
4364 0.087
4365 0.087
4366 0.087
4367 0.087
4368 0.087
4369 0.087
4370 0.087
4371 0.087
4372 0.087
4373 0.087
4374 0.087
4375 0.087
4376 0.087
4377 0.087
4378 0.087
4379 0.087
4380 0.087
4381 0.087
4382 0.087
4383 0.087
4384 0.087
4385 0.087
4386 0.087
4387 0.087
4388 0.087
4389 0.087
4390 0.087
4391 0.087
4392 0.087
4393 0.087
4394 0.087
4395 0.087
4396 0.087
4397 0.087
4398 0.087
4399 0.087
4400 0.087
4401 0.087
4402 0.087
4403 0.087
4404 0.087
4405 0.087
4406 0.087
4407 0.087
4408 0.087
4409 0.087
4410 0.087
4411 0.087
4412 0.087
4413 0.087
4414 0.087
4415 0.087
4416 0.087
4417 0.087
4418 0.087
4419 0.087
4420 0.087
4421 0.087
4422 0.087
4423 0.087
4424 0.132
4425 0.132
4426 0.132
4427 0.132
4428 0.18
4429 0.18
4430 0.18
4431 0.18
4432 0.18
4433 0.18
4434 0.132
4435 0.132
4436 0.087
4437 0.087
4438 0.087
4439 0.087
4440 0.087
4441 0.087
4442 0.087
4443 0.087
4444 0.087
4445 0.087
4446 0.087
4447 0.087
4448 0.132
4449 0.132
4450 0.132
4451 0.132
4452 0.18
4453 0.18
4454 0.18
4455 0.18
4456 0.18
4457 0.18
4458 0.132
4459 0.132
4460 0.087
4461 0.087
4462 0.087
4463 0.087
4464 0.087
4465 0.087
4466 0.087
4467 0.087
4468 0.087
4469 0.087
4470 0.087
4471 0.087
4472 0.132
4473 0.132
4474 0.132
4475 0.132
4476 0.18
4477 0.18
4478 0.18
4479 0.18
4480 0.18
4481 0.18
4482 0.132
4483 0.132
4484 0.087
4485 0.087
4486 0.087
4487 0.087
4488 0.087
4489 0.087
4490 0.087
4491 0.087
4492 0.087
4493 0.087
4494 0.087
4495 0.087
4496 0.132
4497 0.132
4498 0.132
4499 0.132
4500 0.18
4501 0.18
4502 0.18
4503 0.18
4504 0.18
4505 0.18
4506 0.132
4507 0.132
4508 0.087
4509 0.087
4510 0.087
4511 0.087
4512 0.087
4513 0.087
4514 0.087
4515 0.087
4516 0.087
4517 0.087
4518 0.087
4519 0.087
4520 0.132
4521 0.132
4522 0.132
4523 0.132
4524 0.18
4525 0.18
4526 0.18
4527 0.18
4528 0.18
4529 0.18
4530 0.132
4531 0.132
4532 0.087
4533 0.087
4534 0.087
4535 0.087
4536 0.087
4537 0.087
4538 0.087
4539 0.087
4540 0.087
4541 0.087
4542 0.087
4543 0.087
4544 0.087
4545 0.087
4546 0.087
4547 0.087
4548 0.087
4549 0.087
4550 0.087
4551 0.087
4552 0.087
4553 0.087
4554 0.087
4555 0.087
4556 0.087
4557 0.087
4558 0.087
4559 0.087
4560 0.087
4561 0.087
4562 0.087
4563 0.087
4564 0.087
4565 0.087
4566 0.087
4567 0.087
4568 0.087
4569 0.087
4570 0.087
4571 0.087
4572 0.087
4573 0.087
4574 0.087
4575 0.087
4576 0.087
4577 0.087
4578 0.087
4579 0.087
4580 0.087
4581 0.087
4582 0.087
4583 0.087
4584 0.087
4585 0.087
4586 0.087
4587 0.087
4588 0.087
4589 0.087
4590 0.087
4591 0.087
4592 0.132
4593 0.132
4594 0.132
4595 0.132
4596 0.18
4597 0.18
4598 0.18
4599 0.18
4600 0.18
4601 0.18
4602 0.132
4603 0.132
4604 0.087
4605 0.087
4606 0.087
4607 0.087
4608 0.087
4609 0.087
4610 0.087
4611 0.087
4612 0.087
4613 0.087
4614 0.087
4615 0.087
4616 0.132
4617 0.132
4618 0.132
4619 0.132
4620 0.18
4621 0.18
4622 0.18
4623 0.18
4624 0.18
4625 0.18
4626 0.132
4627 0.132
4628 0.087
4629 0.087
4630 0.087
4631 0.087
4632 0.087
4633 0.087
4634 0.087
4635 0.087
4636 0.087
4637 0.087
4638 0.087
4639 0.087
4640 0.132
4641 0.132
4642 0.132
4643 0.132
4644 0.18
4645 0.18
4646 0.18
4647 0.18
4648 0.18
4649 0.18
4650 0.132
4651 0.132
4652 0.087
4653 0.087
4654 0.087
4655 0.087
4656 0.087
4657 0.087
4658 0.087
4659 0.087
4660 0.087
4661 0.087
4662 0.087
4663 0.087
4664 0.132
4665 0.132
4666 0.132
4667 0.132
4668 0.18
4669 0.18
4670 0.18
4671 0.18
4672 0.18
4673 0.18
4674 0.132
4675 0.132
4676 0.087
4677 0.087
4678 0.087
4679 0.087
4680 0.087
4681 0.087
4682 0.087
4683 0.087
4684 0.087
4685 0.087
4686 0.087
4687 0.087
4688 0.132
4689 0.132
4690 0.132
4691 0.132
4692 0.18
4693 0.18
4694 0.18
4695 0.18
4696 0.18
4697 0.18
4698 0.132
4699 0.132
4700 0.087
4701 0.087
4702 0.087
4703 0.087
4704 0.087
4705 0.087
4706 0.087
4707 0.087
4708 0.087
4709 0.087
4710 0.087
4711 0.087
4712 0.087
4713 0.087
4714 0.087
4715 0.087
4716 0.087
4717 0.087
4718 0.087
4719 0.087
4720 0.087
4721 0.087
4722 0.087
4723 0.087
4724 0.087
4725 0.087
4726 0.087
4727 0.087
4728 0.087
4729 0.087
4730 0.087
4731 0.087
4732 0.087
4733 0.087
4734 0.087
4735 0.087
4736 0.087
4737 0.087
4738 0.087
4739 0.087
4740 0.087
4741 0.087
4742 0.087
4743 0.087
4744 0.087
4745 0.087
4746 0.087
4747 0.087
4748 0.087
4749 0.087
4750 0.087
4751 0.087
4752 0.087
4753 0.087
4754 0.087
4755 0.087
4756 0.087
4757 0.087
4758 0.087
4759 0.087
4760 0.132
4761 0.132
4762 0.132
4763 0.132
4764 0.18
4765 0.18
4766 0.18
4767 0.18
4768 0.18
4769 0.18
4770 0.132
4771 0.132
4772 0.087
4773 0.087
4774 0.087
4775 0.087
4776 0.087
4777 0.087
4778 0.087
4779 0.087
4780 0.087
4781 0.087
4782 0.087
4783 0.087
4784 0.132
4785 0.132
4786 0.132
4787 0.132
4788 0.18
4789 0.18
4790 0.18
4791 0.18
4792 0.18
4793 0.18
4794 0.132
4795 0.132
4796 0.087
4797 0.087
4798 0.087
4799 0.087
4800 0.087
4801 0.087
4802 0.087
4803 0.087
4804 0.087
4805 0.087
4806 0.087
4807 0.087
4808 0.132
4809 0.132
4810 0.132
4811 0.132
4812 0.18
4813 0.18
4814 0.18
4815 0.18
4816 0.18
4817 0.18
4818 0.132
4819 0.132
4820 0.087
4821 0.087
4822 0.087
4823 0.087
4824 0.087
4825 0.087
4826 0.087
4827 0.087
4828 0.087
4829 0.087
4830 0.087
4831 0.087
4832 0.132
4833 0.132
4834 0.132
4835 0.132
4836 0.18
4837 0.18
4838 0.18
4839 0.18
4840 0.18
4841 0.18
4842 0.132
4843 0.132
4844 0.087
4845 0.087
4846 0.087
4847 0.087
4848 0.087
4849 0.087
4850 0.087
4851 0.087
4852 0.087
4853 0.087
4854 0.087
4855 0.087
4856 0.132
4857 0.132
4858 0.132
4859 0.132
4860 0.18
4861 0.18
4862 0.18
4863 0.18
4864 0.18
4865 0.18
4866 0.132
4867 0.132
4868 0.087
4869 0.087
4870 0.087
4871 0.087
4872 0.087
4873 0.087
4874 0.087
4875 0.087
4876 0.087
4877 0.087
4878 0.087
4879 0.087
4880 0.087
4881 0.087
4882 0.087
4883 0.087
4884 0.087
4885 0.087
4886 0.087
4887 0.087
4888 0.087
4889 0.087
4890 0.087
4891 0.087
4892 0.087
4893 0.087
4894 0.087
4895 0.087
4896 0.087
4897 0.087
4898 0.087
4899 0.087
4900 0.087
4901 0.087
4902 0.087
4903 0.087
4904 0.087
4905 0.087
4906 0.087
4907 0.087
4908 0.087
4909 0.087
4910 0.087
4911 0.087
4912 0.087
4913 0.087
4914 0.087
4915 0.087
4916 0.087
4917 0.087
4918 0.087
4919 0.087
4920 0.087
4921 0.087
4922 0.087
4923 0.087
4924 0.087
4925 0.087
4926 0.087
4927 0.087
4928 0.132
4929 0.132
4930 0.132
4931 0.132
4932 0.18
4933 0.18
4934 0.18
4935 0.18
4936 0.18
4937 0.18
4938 0.132
4939 0.132
4940 0.087
4941 0.087
4942 0.087
4943 0.087
4944 0.087
4945 0.087
4946 0.087
4947 0.087
4948 0.087
4949 0.087
4950 0.087
4951 0.087
4952 0.132
4953 0.132
4954 0.132
4955 0.132
4956 0.18
4957 0.18
4958 0.18
4959 0.18
4960 0.18
4961 0.18
4962 0.132
4963 0.132
4964 0.087
4965 0.087
4966 0.087
4967 0.087
4968 0.087
4969 0.087
4970 0.087
4971 0.087
4972 0.087
4973 0.087
4974 0.087
4975 0.087
4976 0.132
4977 0.132
4978 0.132
4979 0.132
4980 0.18
4981 0.18
4982 0.18
4983 0.18
4984 0.18
4985 0.18
4986 0.132
4987 0.132
4988 0.087
4989 0.087
4990 0.087
4991 0.087
4992 0.087
4993 0.087
4994 0.087
4995 0.087
4996 0.087
4997 0.087
4998 0.087
4999 0.087
5000 0.132
5001 0.132
5002 0.132
5003 0.132
5004 0.18
5005 0.18
5006 0.18
5007 0.18
5008 0.18
5009 0.18
5010 0.132
5011 0.132
5012 0.087
5013 0.087
5014 0.087
5015 0.087
5016 0.087
5017 0.087
5018 0.087
5019 0.087
5020 0.087
5021 0.087
5022 0.087
5023 0.087
5024 0.132
5025 0.132
5026 0.132
5027 0.132
5028 0.18
5029 0.18
5030 0.18
5031 0.18
5032 0.18
5033 0.18
5034 0.132
5035 0.132
5036 0.087
5037 0.087
5038 0.087
5039 0.087
5040 0.087
5041 0.087
5042 0.087
5043 0.087
5044 0.087
5045 0.087
5046 0.087
5047 0.087
5048 0.087
5049 0.087
5050 0.087
5051 0.087
5052 0.087
5053 0.087
5054 0.087
5055 0.087
5056 0.087
5057 0.087
5058 0.087
5059 0.087
5060 0.087
5061 0.087
5062 0.087
5063 0.087
5064 0.087
5065 0.087
5066 0.087
5067 0.087
5068 0.087
5069 0.087
5070 0.087
5071 0.087
5072 0.087
5073 0.087
5074 0.087
5075 0.087
5076 0.087
5077 0.087
5078 0.087
5079 0.087
5080 0.087
5081 0.087
5082 0.087
5083 0.087
5084 0.087
5085 0.087
5086 0.087
5087 0.087
5088 0.087
5089 0.087
5090 0.087
5091 0.087
5092 0.087
5093 0.087
5094 0.087
5095 0.087
5096 0.087
5097 0.087
5098 0.087
5099 0.087
5100 0.087
5101 0.087
5102 0.087
5103 0.087
5104 0.087
5105 0.087
5106 0.087
5107 0.087
5108 0.087
5109 0.087
5110 0.087
5111 0.087
5112 0.087
5113 0.087
5114 0.087
5115 0.087
5116 0.087
5117 0.087
5118 0.087
5119 0.087
5120 0.132
5121 0.132
5122 0.132
5123 0.132
5124 0.18
5125 0.18
5126 0.18
5127 0.18
5128 0.18
5129 0.18
5130 0.132
5131 0.132
5132 0.087
5133 0.087
5134 0.087
5135 0.087
5136 0.087
5137 0.087
5138 0.087
5139 0.087
5140 0.087
5141 0.087
5142 0.087
5143 0.087
5144 0.132
5145 0.132
5146 0.132
5147 0.132
5148 0.18
5149 0.18
5150 0.18
5151 0.18
5152 0.18
5153 0.18
5154 0.132
5155 0.132
5156 0.087
5157 0.087
5158 0.087
5159 0.087
5160 0.087
5161 0.087
5162 0.087
5163 0.087
5164 0.087
5165 0.087
5166 0.087
5167 0.087
5168 0.132
5169 0.132
5170 0.132
5171 0.132
5172 0.18
5173 0.18
5174 0.18
5175 0.18
5176 0.18
5177 0.18
5178 0.132
5179 0.132
5180 0.087
5181 0.087
5182 0.087
5183 0.087
5184 0.087
5185 0.087
5186 0.087
5187 0.087
5188 0.087
5189 0.087
5190 0.087
5191 0.087
5192 0.132
5193 0.132
5194 0.132
5195 0.132
5196 0.18
5197 0.18
5198 0.18
5199 0.18
5200 0.18
5201 0.18
5202 0.132
5203 0.132
5204 0.087
5205 0.087
5206 0.087
5207 0.087
5208 0.087
5209 0.087
5210 0.087
5211 0.087
5212 0.087
5213 0.087
5214 0.087
5215 0.087
5216 0.087
5217 0.087
5218 0.087
5219 0.087
5220 0.087
5221 0.087
5222 0.087
5223 0.087
5224 0.087
5225 0.087
5226 0.087
5227 0.087
5228 0.087
5229 0.087
5230 0.087
5231 0.087
5232 0.087
5233 0.087
5234 0.087
5235 0.087
5236 0.087
5237 0.087
5238 0.087
5239 0.087
5240 0.087
5241 0.087
5242 0.087
5243 0.087
5244 0.087
5245 0.087
5246 0.087
5247 0.087
5248 0.087
5249 0.087
5250 0.087
5251 0.087
5252 0.087
5253 0.087
5254 0.087
5255 0.087
5256 0.087
5257 0.087
5258 0.087
5259 0.087
5260 0.087
5261 0.087
5262 0.087
5263 0.087
5264 0.132
5265 0.132
5266 0.132
5267 0.132
5268 0.18
5269 0.18
5270 0.18
5271 0.18
5272 0.18
5273 0.18
5274 0.132
5275 0.132
5276 0.087
5277 0.087
5278 0.087
5279 0.087
5280 0.087
5281 0.087
5282 0.087
5283 0.087
5284 0.087
5285 0.087
5286 0.087
5287 0.087
5288 0.132
5289 0.132
5290 0.132
5291 0.132
5292 0.18
5293 0.18
5294 0.18
5295 0.18
5296 0.18
5297 0.18
5298 0.132
5299 0.132
5300 0.087
5301 0.087
5302 0.087
5303 0.087
5304 0.087
5305 0.087
5306 0.087
5307 0.087
5308 0.087
5309 0.087
5310 0.087
5311 0.087
5312 0.132
5313 0.132
5314 0.132
5315 0.132
5316 0.18
5317 0.18
5318 0.18
5319 0.18
5320 0.18
5321 0.18
5322 0.132
5323 0.132
5324 0.087
5325 0.087
5326 0.087
5327 0.087
5328 0.087
5329 0.087
5330 0.087
5331 0.087
5332 0.087
5333 0.087
5334 0.087
5335 0.087
5336 0.132
5337 0.132
5338 0.132
5339 0.132
5340 0.18
5341 0.18
5342 0.18
5343 0.18
5344 0.18
5345 0.18
5346 0.132
5347 0.132
5348 0.087
5349 0.087
5350 0.087
5351 0.087
5352 0.087
5353 0.087
5354 0.087
5355 0.087
5356 0.087
5357 0.087
5358 0.087
5359 0.087
5360 0.132
5361 0.132
5362 0.132
5363 0.132
5364 0.18
5365 0.18
5366 0.18
5367 0.18
5368 0.18
5369 0.18
5370 0.132
5371 0.132
5372 0.087
5373 0.087
5374 0.087
5375 0.087
5376 0.087
5377 0.087
5378 0.087
5379 0.087
5380 0.087
5381 0.087
5382 0.087
5383 0.087
5384 0.087
5385 0.087
5386 0.087
5387 0.087
5388 0.087
5389 0.087
5390 0.087
5391 0.087
5392 0.087
5393 0.087
5394 0.087
5395 0.087
5396 0.087
5397 0.087
5398 0.087
5399 0.087
5400 0.087
5401 0.087
5402 0.087
5403 0.087
5404 0.087
5405 0.087
5406 0.087
5407 0.087
5408 0.087
5409 0.087
5410 0.087
5411 0.087
5412 0.087
5413 0.087
5414 0.087
5415 0.087
5416 0.087
5417 0.087
5418 0.087
5419 0.087
5420 0.087
5421 0.087
5422 0.087
5423 0.087
5424 0.087
5425 0.087
5426 0.087
5427 0.087
5428 0.087
5429 0.087
5430 0.087
5431 0.087
5432 0.132
5433 0.132
5434 0.132
5435 0.132
5436 0.18
5437 0.18
5438 0.18
5439 0.18
5440 0.18
5441 0.18
5442 0.132
5443 0.132
5444 0.087
5445 0.087
5446 0.087
5447 0.087
5448 0.087
5449 0.087
5450 0.087
5451 0.087
5452 0.087
5453 0.087
5454 0.087
5455 0.087
5456 0.132
5457 0.132
5458 0.132
5459 0.132
5460 0.18
5461 0.18
5462 0.18
5463 0.18
5464 0.18
5465 0.18
5466 0.132
5467 0.132
5468 0.087
5469 0.087
5470 0.087
5471 0.087
5472 0.087
5473 0.087
5474 0.087
5475 0.087
5476 0.087
5477 0.087
5478 0.087
5479 0.087
5480 0.132
5481 0.132
5482 0.132
5483 0.132
5484 0.18
5485 0.18
5486 0.18
5487 0.18
5488 0.18
5489 0.18
5490 0.132
5491 0.132
5492 0.087
5493 0.087
5494 0.087
5495 0.087
5496 0.087
5497 0.087
5498 0.087
5499 0.087
5500 0.087
5501 0.087
5502 0.087
5503 0.087
5504 0.132
5505 0.132
5506 0.132
5507 0.132
5508 0.18
5509 0.18
5510 0.18
5511 0.18
5512 0.18
5513 0.18
5514 0.132
5515 0.132
5516 0.087
5517 0.087
5518 0.087
5519 0.087
5520 0.087
5521 0.087
5522 0.087
5523 0.087
5524 0.087
5525 0.087
5526 0.087
5527 0.087
5528 0.132
5529 0.132
5530 0.132
5531 0.132
5532 0.18
5533 0.18
5534 0.18
5535 0.18
5536 0.18
5537 0.18
5538 0.132
5539 0.132
5540 0.087
5541 0.087
5542 0.087
5543 0.087
5544 0.087
5545 0.087
5546 0.087
5547 0.087
5548 0.087
5549 0.087
5550 0.087
5551 0.087
5552 0.087
5553 0.087
5554 0.087
5555 0.087
5556 0.087
5557 0.087
5558 0.087
5559 0.087
5560 0.087
5561 0.087
5562 0.087
5563 0.087
5564 0.087
5565 0.087
5566 0.087
5567 0.087
5568 0.087
5569 0.087
5570 0.087
5571 0.087
5572 0.087
5573 0.087
5574 0.087
5575 0.087
5576 0.087
5577 0.087
5578 0.087
5579 0.087
5580 0.087
5581 0.087
5582 0.087
5583 0.087
5584 0.087
5585 0.087
5586 0.087
5587 0.087
5588 0.087
5589 0.087
5590 0.087
5591 0.087
5592 0.087
5593 0.087
5594 0.087
5595 0.087
5596 0.087
5597 0.087
5598 0.087
5599 0.087
5600 0.132
5601 0.132
5602 0.132
5603 0.132
5604 0.18
5605 0.18
5606 0.18
5607 0.18
5608 0.18
5609 0.18
5610 0.132
5611 0.132
5612 0.087
5613 0.087
5614 0.087
5615 0.087
5616 0.087
5617 0.087
5618 0.087
5619 0.087
5620 0.087
5621 0.087
5622 0.087
5623 0.087
5624 0.132
5625 0.132
5626 0.132
5627 0.132
5628 0.18
5629 0.18
5630 0.18
5631 0.18
5632 0.18
5633 0.18
5634 0.132
5635 0.132
5636 0.087
5637 0.087
5638 0.087
5639 0.087
5640 0.087
5641 0.087
5642 0.087
5643 0.087
5644 0.087
5645 0.087
5646 0.087
5647 0.087
5648 0.132
5649 0.132
5650 0.132
5651 0.132
5652 0.18
5653 0.18
5654 0.18
5655 0.18
5656 0.18
5657 0.18
5658 0.132
5659 0.132
5660 0.087
5661 0.087
5662 0.087
5663 0.087
5664 0.087
5665 0.087
5666 0.087
5667 0.087
5668 0.087
5669 0.087
5670 0.087
5671 0.087
5672 0.132
5673 0.132
5674 0.132
5675 0.132
5676 0.18
5677 0.18
5678 0.18
5679 0.18
5680 0.18
5681 0.18
5682 0.132
5683 0.132
5684 0.087
5685 0.087
5686 0.087
5687 0.087
5688 0.087
5689 0.087
5690 0.087
5691 0.087
5692 0.087
5693 0.087
5694 0.087
5695 0.087
5696 0.132
5697 0.132
5698 0.132
5699 0.132
5700 0.18
5701 0.18
5702 0.18
5703 0.18
5704 0.18
5705 0.18
5706 0.132
5707 0.132
5708 0.087
5709 0.087
5710 0.087
5711 0.087
5712 0.087
5713 0.087
5714 0.087
5715 0.087
5716 0.087
5717 0.087
5718 0.087
5719 0.087
5720 0.087
5721 0.087
5722 0.087
5723 0.087
5724 0.087
5725 0.087
5726 0.087
5727 0.087
5728 0.087
5729 0.087
5730 0.087
5731 0.087
5732 0.087
5733 0.087
5734 0.087
5735 0.087
5736 0.087
5737 0.087
5738 0.087
5739 0.087
5740 0.087
5741 0.087
5742 0.087
5743 0.087
5744 0.087
5745 0.087
5746 0.087
5747 0.087
5748 0.087
5749 0.087
5750 0.087
5751 0.087
5752 0.087
5753 0.087
5754 0.087
5755 0.087
5756 0.087
5757 0.087
5758 0.087
5759 0.087
5760 0.087
5761 0.087
5762 0.087
5763 0.087
5764 0.087
5765 0.087
5766 0.087
5767 0.087
5768 0.132
5769 0.132
5770 0.132
5771 0.132
5772 0.18
5773 0.18
5774 0.18
5775 0.18
5776 0.18
5777 0.18
5778 0.132
5779 0.132
5780 0.087
5781 0.087
5782 0.087
5783 0.087
5784 0.087
5785 0.087
5786 0.087
5787 0.087
5788 0.087
5789 0.087
5790 0.087
5791 0.087
5792 0.132
5793 0.132
5794 0.132
5795 0.132
5796 0.18
5797 0.18
5798 0.18
5799 0.18
5800 0.18
5801 0.18
5802 0.132
5803 0.132
5804 0.087
5805 0.087
5806 0.087
5807 0.087
5808 0.087
5809 0.087
5810 0.087
5811 0.087
5812 0.087
5813 0.087
5814 0.087
5815 0.087
5816 0.132
5817 0.132
5818 0.132
5819 0.132
5820 0.18
5821 0.18
5822 0.18
5823 0.18
5824 0.18
5825 0.18
5826 0.132
5827 0.132
5828 0.087
5829 0.087
5830 0.087
5831 0.087
5832 0.087
5833 0.087
5834 0.087
5835 0.087
5836 0.087
5837 0.087
5838 0.087
5839 0.087
5840 0.132
5841 0.132
5842 0.132
5843 0.132
5844 0.18
5845 0.18
5846 0.18
5847 0.18
5848 0.18
5849 0.18
5850 0.132
5851 0.132
5852 0.087
5853 0.087
5854 0.087
5855 0.087
5856 0.087
5857 0.087
5858 0.087
5859 0.087
5860 0.087
5861 0.087
5862 0.087
5863 0.087
5864 0.132
5865 0.132
5866 0.132
5867 0.132
5868 0.18
5869 0.18
5870 0.18
5871 0.18
5872 0.18
5873 0.18
5874 0.132
5875 0.132
5876 0.087
5877 0.087
5878 0.087
5879 0.087
5880 0.087
5881 0.087
5882 0.087
5883 0.087
5884 0.087
5885 0.087
5886 0.087
5887 0.087
5888 0.087
5889 0.087
5890 0.087
5891 0.087
5892 0.087
5893 0.087
5894 0.087
5895 0.087
5896 0.087
5897 0.087
5898 0.087
5899 0.087
5900 0.087
5901 0.087
5902 0.087
5903 0.087
5904 0.087
5905 0.087
5906 0.087
5907 0.087
5908 0.087
5909 0.087
5910 0.087
5911 0.087
5912 0.087
5913 0.087
5914 0.087
5915 0.087
5916 0.087
5917 0.087
5918 0.087
5919 0.087
5920 0.087
5921 0.087
5922 0.087
5923 0.087
5924 0.087
5925 0.087
5926 0.087
5927 0.087
5928 0.087
5929 0.087
5930 0.087
5931 0.087
5932 0.087
5933 0.087
5934 0.087
5935 0.087
5936 0.087
5937 0.087
5938 0.087
5939 0.087
5940 0.087
5941 0.087
5942 0.087
5943 0.087
5944 0.087
5945 0.087
5946 0.087
5947 0.087
5948 0.087
5949 0.087
5950 0.087
5951 0.087
5952 0.087
5953 0.087
5954 0.087
5955 0.087
5956 0.087
5957 0.087
5958 0.087
5959 0.087
5960 0.132
5961 0.132
5962 0.132
5963 0.132
5964 0.18
5965 0.18
5966 0.18
5967 0.18
5968 0.18
5969 0.18
5970 0.132
5971 0.132
5972 0.087
5973 0.087
5974 0.087
5975 0.087
5976 0.087
5977 0.087
5978 0.087
5979 0.087
5980 0.087
5981 0.087
5982 0.087
5983 0.087
5984 0.132
5985 0.132
5986 0.132
5987 0.132
5988 0.18
5989 0.18
5990 0.18
5991 0.18
5992 0.18
5993 0.18
5994 0.132
5995 0.132
5996 0.087
5997 0.087
5998 0.087
5999 0.087
6000 0.087
6001 0.087
6002 0.087
6003 0.087
6004 0.087
6005 0.087
6006 0.087
6007 0.087
6008 0.132
6009 0.132
6010 0.132
6011 0.132
6012 0.18
6013 0.18
6014 0.18
6015 0.18
6016 0.18
6017 0.18
6018 0.132
6019 0.132
6020 0.087
6021 0.087
6022 0.087
6023 0.087
6024 0.087
6025 0.087
6026 0.087
6027 0.087
6028 0.087
6029 0.087
6030 0.087
6031 0.087
6032 0.132
6033 0.132
6034 0.132
6035 0.132
6036 0.18
6037 0.18
6038 0.18
6039 0.18
6040 0.18
6041 0.18
6042 0.132
6043 0.132
6044 0.087
6045 0.087
6046 0.087
6047 0.087
6048 0.087
6049 0.087
6050 0.087
6051 0.087
6052 0.087
6053 0.087
6054 0.087
6055 0.087
6056 0.087
6057 0.087
6058 0.087
6059 0.087
6060 0.087
6061 0.087
6062 0.087
6063 0.087
6064 0.087
6065 0.087
6066 0.087
6067 0.087
6068 0.087
6069 0.087
6070 0.087
6071 0.087
6072 0.087
6073 0.087
6074 0.087
6075 0.087
6076 0.087
6077 0.087
6078 0.087
6079 0.087
6080 0.087
6081 0.087
6082 0.087
6083 0.087
6084 0.087
6085 0.087
6086 0.087
6087 0.087
6088 0.087
6089 0.087
6090 0.087
6091 0.087
6092 0.087
6093 0.087
6094 0.087
6095 0.087
6096 0.087
6097 0.087
6098 0.087
6099 0.087
6100 0.087
6101 0.087
6102 0.087
6103 0.087
6104 0.132
6105 0.132
6106 0.132
6107 0.132
6108 0.18
6109 0.18
6110 0.18
6111 0.18
6112 0.18
6113 0.18
6114 0.132
6115 0.132
6116 0.087
6117 0.087
6118 0.087
6119 0.087
6120 0.087
6121 0.087
6122 0.087
6123 0.087
6124 0.087
6125 0.087
6126 0.087
6127 0.087
6128 0.132
6129 0.132
6130 0.132
6131 0.132
6132 0.18
6133 0.18
6134 0.18
6135 0.18
6136 0.18
6137 0.18
6138 0.132
6139 0.132
6140 0.087
6141 0.087
6142 0.087
6143 0.087
6144 0.087
6145 0.087
6146 0.087
6147 0.087
6148 0.087
6149 0.087
6150 0.087
6151 0.087
6152 0.132
6153 0.132
6154 0.132
6155 0.132
6156 0.18
6157 0.18
6158 0.18
6159 0.18
6160 0.18
6161 0.18
6162 0.132
6163 0.132
6164 0.087
6165 0.087
6166 0.087
6167 0.087
6168 0.087
6169 0.087
6170 0.087
6171 0.087
6172 0.087
6173 0.087
6174 0.087
6175 0.087
6176 0.132
6177 0.132
6178 0.132
6179 0.132
6180 0.18
6181 0.18
6182 0.18
6183 0.18
6184 0.18
6185 0.18
6186 0.132
6187 0.132
6188 0.087
6189 0.087
6190 0.087
6191 0.087
6192 0.087
6193 0.087
6194 0.087
6195 0.087
6196 0.087
6197 0.087
6198 0.087
6199 0.087
6200 0.132
6201 0.132
6202 0.132
6203 0.132
6204 0.18
6205 0.18
6206 0.18
6207 0.18
6208 0.18
6209 0.18
6210 0.132
6211 0.132
6212 0.087
6213 0.087
6214 0.087
6215 0.087
6216 0.087
6217 0.087
6218 0.087
6219 0.087
6220 0.087
6221 0.087
6222 0.087
6223 0.087
6224 0.087
6225 0.087
6226 0.087
6227 0.087
6228 0.087
6229 0.087
6230 0.087
6231 0.087
6232 0.087
6233 0.087
6234 0.087
6235 0.087
6236 0.087
6237 0.087
6238 0.087
6239 0.087
6240 0.087
6241 0.087
6242 0.087
6243 0.087
6244 0.087
6245 0.087
6246 0.087
6247 0.087
6248 0.087
6249 0.087
6250 0.087
6251 0.087
6252 0.087
6253 0.087
6254 0.087
6255 0.087
6256 0.087
6257 0.087
6258 0.087
6259 0.087
6260 0.087
6261 0.087
6262 0.087
6263 0.087
6264 0.087
6265 0.087
6266 0.087
6267 0.087
6268 0.087
6269 0.087
6270 0.087
6271 0.087
6272 0.132
6273 0.132
6274 0.132
6275 0.132
6276 0.18
6277 0.18
6278 0.18
6279 0.18
6280 0.18
6281 0.18
6282 0.132
6283 0.132
6284 0.087
6285 0.087
6286 0.087
6287 0.087
6288 0.087
6289 0.087
6290 0.087
6291 0.087
6292 0.087
6293 0.087
6294 0.087
6295 0.087
6296 0.132
6297 0.132
6298 0.132
6299 0.132
6300 0.18
6301 0.18
6302 0.18
6303 0.18
6304 0.18
6305 0.18
6306 0.132
6307 0.132
6308 0.087
6309 0.087
6310 0.087
6311 0.087
6312 0.087
6313 0.087
6314 0.087
6315 0.087
6316 0.087
6317 0.087
6318 0.087
6319 0.087
6320 0.132
6321 0.132
6322 0.132
6323 0.132
6324 0.18
6325 0.18
6326 0.18
6327 0.18
6328 0.18
6329 0.18
6330 0.132
6331 0.132
6332 0.087
6333 0.087
6334 0.087
6335 0.087
6336 0.087
6337 0.087
6338 0.087
6339 0.087
6340 0.087
6341 0.087
6342 0.087
6343 0.087
6344 0.132
6345 0.132
6346 0.132
6347 0.132
6348 0.18
6349 0.18
6350 0.18
6351 0.18
6352 0.18
6353 0.18
6354 0.132
6355 0.132
6356 0.087
6357 0.087
6358 0.087
6359 0.087
6360 0.087
6361 0.087
6362 0.087
6363 0.087
6364 0.087
6365 0.087
6366 0.087
6367 0.087
6368 0.132
6369 0.132
6370 0.132
6371 0.132
6372 0.18
6373 0.18
6374 0.18
6375 0.18
6376 0.18
6377 0.18
6378 0.132
6379 0.132
6380 0.087
6381 0.087
6382 0.087
6383 0.087
6384 0.087
6385 0.087
6386 0.087
6387 0.087
6388 0.087
6389 0.087
6390 0.087
6391 0.087
6392 0.087
6393 0.087
6394 0.087
6395 0.087
6396 0.087
6397 0.087
6398 0.087
6399 0.087
6400 0.087
6401 0.087
6402 0.087
6403 0.087
6404 0.087
6405 0.087
6406 0.087
6407 0.087
6408 0.087
6409 0.087
6410 0.087
6411 0.087
6412 0.087
6413 0.087
6414 0.087
6415 0.087
6416 0.087
6417 0.087
6418 0.087
6419 0.087
6420 0.087
6421 0.087
6422 0.087
6423 0.087
6424 0.087
6425 0.087
6426 0.087
6427 0.087
6428 0.087
6429 0.087
6430 0.087
6431 0.087
6432 0.087
6433 0.087
6434 0.087
6435 0.087
6436 0.087
6437 0.087
6438 0.087
6439 0.087
6440 0.132
6441 0.132
6442 0.132
6443 0.132
6444 0.18
6445 0.18
6446 0.18
6447 0.18
6448 0.18
6449 0.18
6450 0.132
6451 0.132
6452 0.087
6453 0.087
6454 0.087
6455 0.087
6456 0.087
6457 0.087
6458 0.087
6459 0.087
6460 0.087
6461 0.087
6462 0.087
6463 0.087
6464 0.132
6465 0.132
6466 0.132
6467 0.132
6468 0.18
6469 0.18
6470 0.18
6471 0.18
6472 0.18
6473 0.18
6474 0.132
6475 0.132
6476 0.087
6477 0.087
6478 0.087
6479 0.087
6480 0.087
6481 0.087
6482 0.087
6483 0.087
6484 0.087
6485 0.087
6486 0.087
6487 0.087
6488 0.132
6489 0.132
6490 0.132
6491 0.132
6492 0.18
6493 0.18
6494 0.18
6495 0.18
6496 0.18
6497 0.18
6498 0.132
6499 0.132
6500 0.087
6501 0.087
6502 0.087
6503 0.087
6504 0.087
6505 0.087
6506 0.087
6507 0.087
6508 0.087
6509 0.087
6510 0.087
6511 0.087
6512 0.132
6513 0.132
6514 0.132
6515 0.132
6516 0.18
6517 0.18
6518 0.18
6519 0.18
6520 0.18
6521 0.18
6522 0.132
6523 0.132
6524 0.087
6525 0.087
6526 0.087
6527 0.087
6528 0.087
6529 0.087
6530 0.087
6531 0.087
6532 0.087
6533 0.087
6534 0.087
6535 0.087
6536 0.132
6537 0.132
6538 0.132
6539 0.132
6540 0.18
6541 0.18
6542 0.18
6543 0.18
6544 0.18
6545 0.18
6546 0.132
6547 0.132
6548 0.087
6549 0.087
6550 0.087
6551 0.087
6552 0.087
6553 0.087
6554 0.087
6555 0.087
6556 0.087
6557 0.087
6558 0.087
6559 0.087
6560 0.087
6561 0.087
6562 0.087
6563 0.087
6564 0.087
6565 0.087
6566 0.087
6567 0.087
6568 0.087
6569 0.087
6570 0.087
6571 0.087
6572 0.087
6573 0.087
6574 0.087
6575 0.087
6576 0.087
6577 0.087
6578 0.087
6579 0.087
6580 0.087
6581 0.087
6582 0.087
6583 0.087
6584 0.087
6585 0.087
6586 0.087
6587 0.087
6588 0.087
6589 0.087
6590 0.087
6591 0.087
6592 0.087
6593 0.087
6594 0.087
6595 0.087
6596 0.087
6597 0.087
6598 0.087
6599 0.087
6600 0.087
6601 0.087
6602 0.087
6603 0.087
6604 0.087
6605 0.087
6606 0.087
6607 0.087
6608 0.132
6609 0.132
6610 0.132
6611 0.132
6612 0.18
6613 0.18
6614 0.18
6615 0.18
6616 0.18
6617 0.18
6618 0.132
6619 0.132
6620 0.087
6621 0.087
6622 0.087
6623 0.087
6624 0.087
6625 0.087
6626 0.087
6627 0.087
6628 0.087
6629 0.087
6630 0.087
6631 0.087
6632 0.132
6633 0.132
6634 0.132
6635 0.132
6636 0.18
6637 0.18
6638 0.18
6639 0.18
6640 0.18
6641 0.18
6642 0.132
6643 0.132
6644 0.087
6645 0.087
6646 0.087
6647 0.087
6648 0.087
6649 0.087
6650 0.087
6651 0.087
6652 0.087
6653 0.087
6654 0.087
6655 0.087
6656 0.132
6657 0.132
6658 0.132
6659 0.132
6660 0.18
6661 0.18
6662 0.18
6663 0.18
6664 0.18
6665 0.18
6666 0.132
6667 0.132
6668 0.087
6669 0.087
6670 0.087
6671 0.087
6672 0.087
6673 0.087
6674 0.087
6675 0.087
6676 0.087
6677 0.087
6678 0.087
6679 0.087
6680 0.132
6681 0.132
6682 0.132
6683 0.132
6684 0.18
6685 0.18
6686 0.18
6687 0.18
6688 0.18
6689 0.18
6690 0.132
6691 0.132
6692 0.087
6693 0.087
6694 0.087
6695 0.087
6696 0.087
6697 0.087
6698 0.087
6699 0.087
6700 0.087
6701 0.087
6702 0.087
6703 0.087
6704 0.132
6705 0.132
6706 0.132
6707 0.132
6708 0.18
6709 0.18
6710 0.18
6711 0.18
6712 0.18
6713 0.18
6714 0.132
6715 0.132
6716 0.087
6717 0.087
6718 0.087
6719 0.087
6720 0.087
6721 0.087
6722 0.087
6723 0.087
6724 0.087
6725 0.087
6726 0.087
6727 0.087
6728 0.087
6729 0.087
6730 0.087
6731 0.087
6732 0.087
6733 0.087
6734 0.087
6735 0.087
6736 0.087
6737 0.087
6738 0.087
6739 0.087
6740 0.087
6741 0.087
6742 0.087
6743 0.087
6744 0.087
6745 0.087
6746 0.087
6747 0.087
6748 0.087
6749 0.087
6750 0.087
6751 0.087
6752 0.087
6753 0.087
6754 0.087
6755 0.087
6756 0.087
6757 0.087
6758 0.087
6759 0.087
6760 0.087
6761 0.087
6762 0.087
6763 0.087
6764 0.087
6765 0.087
6766 0.087
6767 0.087
6768 0.087
6769 0.087
6770 0.087
6771 0.087
6772 0.087
6773 0.087
6774 0.087
6775 0.087
6776 0.087
6777 0.087
6778 0.087
6779 0.087
6780 0.087
6781 0.087
6782 0.087
6783 0.087
6784 0.087
6785 0.087
6786 0.087
6787 0.087
6788 0.087
6789 0.087
6790 0.087
6791 0.087
6792 0.087
6793 0.087
6794 0.087
6795 0.087
6796 0.087
6797 0.087
6798 0.087
6799 0.087
6800 0.132
6801 0.132
6802 0.132
6803 0.132
6804 0.18
6805 0.18
6806 0.18
6807 0.18
6808 0.18
6809 0.18
6810 0.132
6811 0.132
6812 0.087
6813 0.087
6814 0.087
6815 0.087
6816 0.087
6817 0.087
6818 0.087
6819 0.087
6820 0.087
6821 0.087
6822 0.087
6823 0.087
6824 0.132
6825 0.132
6826 0.132
6827 0.132
6828 0.18
6829 0.18
6830 0.18
6831 0.18
6832 0.18
6833 0.18
6834 0.132
6835 0.132
6836 0.087
6837 0.087
6838 0.087
6839 0.087
6840 0.087
6841 0.087
6842 0.087
6843 0.087
6844 0.087
6845 0.087
6846 0.087
6847 0.087
6848 0.132
6849 0.132
6850 0.132
6851 0.132
6852 0.18
6853 0.18
6854 0.18
6855 0.18
6856 0.18
6857 0.18
6858 0.132
6859 0.132
6860 0.087
6861 0.087
6862 0.087
6863 0.087
6864 0.087
6865 0.087
6866 0.087
6867 0.087
6868 0.087
6869 0.087
6870 0.087
6871 0.087
6872 0.132
6873 0.132
6874 0.132
6875 0.132
6876 0.18
6877 0.18
6878 0.18
6879 0.18
6880 0.18
6881 0.18
6882 0.132
6883 0.132
6884 0.087
6885 0.087
6886 0.087
6887 0.087
6888 0.087
6889 0.087
6890 0.087
6891 0.087
6892 0.087
6893 0.087
6894 0.087
6895 0.087
6896 0.087
6897 0.087
6898 0.087
6899 0.087
6900 0.087
6901 0.087
6902 0.087
6903 0.087
6904 0.087
6905 0.087
6906 0.087
6907 0.087
6908 0.087
6909 0.087
6910 0.087
6911 0.087
6912 0.087
6913 0.087
6914 0.087
6915 0.087
6916 0.087
6917 0.087
6918 0.087
6919 0.087
6920 0.087
6921 0.087
6922 0.087
6923 0.087
6924 0.087
6925 0.087
6926 0.087
6927 0.087
6928 0.087
6929 0.087
6930 0.087
6931 0.087
6932 0.087
6933 0.087
6934 0.087
6935 0.087
6936 0.087
6937 0.087
6938 0.087
6939 0.087
6940 0.087
6941 0.087
6942 0.087
6943 0.087
6944 0.132
6945 0.132
6946 0.132
6947 0.132
6948 0.18
6949 0.18
6950 0.18
6951 0.18
6952 0.18
6953 0.18
6954 0.132
6955 0.132
6956 0.087
6957 0.087
6958 0.087
6959 0.087
6960 0.087
6961 0.087
6962 0.087
6963 0.087
6964 0.087
6965 0.087
6966 0.087
6967 0.087
6968 0.132
6969 0.132
6970 0.132
6971 0.132
6972 0.18
6973 0.18
6974 0.18
6975 0.18
6976 0.18
6977 0.18
6978 0.132
6979 0.132
6980 0.087
6981 0.087
6982 0.087
6983 0.087
6984 0.087
6985 0.087
6986 0.087
6987 0.087
6988 0.087
6989 0.087
6990 0.087
6991 0.087
6992 0.132
6993 0.132
6994 0.132
6995 0.132
6996 0.18
6997 0.18
6998 0.18
6999 0.18
7000 0.18
7001 0.18
7002 0.132
7003 0.132
7004 0.087
7005 0.087
7006 0.087
7007 0.087
7008 0.087
7009 0.087
7010 0.087
7011 0.087
7012 0.087
7013 0.087
7014 0.087
7015 0.087
7016 0.132
7017 0.132
7018 0.132
7019 0.132
7020 0.18
7021 0.18
7022 0.18
7023 0.18
7024 0.18
7025 0.18
7026 0.132
7027 0.132
7028 0.087
7029 0.087
7030 0.087
7031 0.087
7032 0.087
7033 0.087
7034 0.087
7035 0.087
7036 0.087
7037 0.087
7038 0.087
7039 0.087
7040 0.132
7041 0.132
7042 0.132
7043 0.132
7044 0.18
7045 0.18
7046 0.18
7047 0.18
7048 0.18
7049 0.18
7050 0.132
7051 0.132
7052 0.087
7053 0.087
7054 0.087
7055 0.087
7056 0.087
7057 0.087
7058 0.087
7059 0.087
7060 0.087
7061 0.087
7062 0.087
7063 0.087
7064 0.087
7065 0.087
7066 0.087
7067 0.087
7068 0.087
7069 0.087
7070 0.087
7071 0.087
7072 0.087
7073 0.087
7074 0.087
7075 0.087
7076 0.087
7077 0.087
7078 0.087
7079 0.087
7080 0.087
7081 0.087
7082 0.087
7083 0.087
7084 0.087
7085 0.087
7086 0.087
7087 0.087
7088 0.087
7089 0.087
7090 0.087
7091 0.087
7092 0.087
7093 0.087
7094 0.087
7095 0.087
7096 0.087
7097 0.087
7098 0.087
7099 0.087
7100 0.087
7101 0.087
7102 0.087
7103 0.087
7104 0.087
7105 0.087
7106 0.087
7107 0.087
7108 0.087
7109 0.087
7110 0.087
7111 0.087
7112 0.132
7113 0.132
7114 0.132
7115 0.132
7116 0.18
7117 0.18
7118 0.18
7119 0.18
7120 0.18
7121 0.18
7122 0.132
7123 0.132
7124 0.087
7125 0.087
7126 0.087
7127 0.087
7128 0.087
7129 0.087
7130 0.087
7131 0.087
7132 0.087
7133 0.087
7134 0.087
7135 0.087
7136 0.132
7137 0.132
7138 0.132
7139 0.132
7140 0.18
7141 0.18
7142 0.18
7143 0.18
7144 0.18
7145 0.18
7146 0.132
7147 0.132
7148 0.087
7149 0.087
7150 0.087
7151 0.087
7152 0.087
7153 0.087
7154 0.087
7155 0.087
7156 0.087
7157 0.087
7158 0.087
7159 0.087
7160 0.132
7161 0.132
7162 0.132
7163 0.132
7164 0.18
7165 0.18
7166 0.18
7167 0.18
7168 0.18
7169 0.18
7170 0.132
7171 0.132
7172 0.087
7173 0.087
7174 0.087
7175 0.087
7176 0.087
7177 0.087
7178 0.087
7179 0.087
7180 0.087
7181 0.087
7182 0.087
7183 0.087
7184 0.132
7185 0.132
7186 0.132
7187 0.132
7188 0.18
7189 0.18
7190 0.18
7191 0.18
7192 0.18
7193 0.18
7194 0.132
7195 0.132
7196 0.087
7197 0.087
7198 0.087
7199 0.087
7200 0.087
7201 0.087
7202 0.087
7203 0.087
7204 0.087
7205 0.087
7206 0.087
7207 0.087
7208 0.132
7209 0.132
7210 0.132
7211 0.132
7212 0.18
7213 0.18
7214 0.18
7215 0.18
7216 0.18
7217 0.18
7218 0.132
7219 0.132
7220 0.087
7221 0.087
7222 0.087
7223 0.087
7224 0.087
7225 0.087
7226 0.087
7227 0.087
7228 0.087
7229 0.087
7230 0.087
7231 0.087
7232 0.087
7233 0.087
7234 0.087
7235 0.087
7236 0.087
7237 0.087
7238 0.087
7239 0.087
7240 0.087
7241 0.087
7242 0.087
7243 0.087
7244 0.087
7245 0.087
7246 0.087
7247 0.087
7248 0.087
7249 0.087
7250 0.087
7251 0.087
7252 0.087
7253 0.087
7254 0.087
7255 0.087
7256 0.087
7257 0.087
7258 0.087
7259 0.087
7260 0.087
7261 0.087
7262 0.087
7263 0.087
7264 0.087
7265 0.087
7266 0.087
7267 0.087
7268 0.087
7269 0.087
7270 0.087
7271 0.087
7272 0.087
7273 0.087
7274 0.087
7275 0.087
7276 0.087
7277 0.087
7278 0.087
7279 0.087
7280 0.132
7281 0.132
7282 0.132
7283 0.132
7284 0.18
7285 0.18
7286 0.18
7287 0.18
7288 0.18
7289 0.18
7290 0.132
7291 0.132
7292 0.087
7293 0.087
7294 0.087
7295 0.087
7296 0.087
7297 0.087
7298 0.087
7299 0.087
7300 0.087
7301 0.087
7302 0.087
7303 0.087
7304 0.18
7305 0.18
7306 0.18
7307 0.18
7308 0.132
7309 0.132
7310 0.132
7311 0.132
7312 0.132
7313 0.132
7314 0.18
7315 0.18
7316 0.087
7317 0.087
7318 0.087
7319 0.087
7320 0.087
7321 0.087
7322 0.087
7323 0.087
7324 0.087
7325 0.087
7326 0.087
7327 0.087
7328 0.18
7329 0.18
7330 0.18
7331 0.18
7332 0.132
7333 0.132
7334 0.132
7335 0.132
7336 0.132
7337 0.132
7338 0.18
7339 0.18
7340 0.087
7341 0.087
7342 0.087
7343 0.087
7344 0.087
7345 0.087
7346 0.087
7347 0.087
7348 0.087
7349 0.087
7350 0.087
7351 0.087
7352 0.18
7353 0.18
7354 0.18
7355 0.18
7356 0.132
7357 0.132
7358 0.132
7359 0.132
7360 0.132
7361 0.132
7362 0.18
7363 0.18
7364 0.087
7365 0.087
7366 0.087
7367 0.087
7368 0.087
7369 0.087
7370 0.087
7371 0.087
7372 0.087
7373 0.087
7374 0.087
7375 0.087
7376 0.18
7377 0.18
7378 0.18
7379 0.18
7380 0.132
7381 0.132
7382 0.132
7383 0.132
7384 0.132
7385 0.132
7386 0.18
7387 0.18
7388 0.087
7389 0.087
7390 0.087
7391 0.087
7392 0.087
7393 0.087
7394 0.087
7395 0.087
7396 0.087
7397 0.087
7398 0.087
7399 0.087
7400 0.087
7401 0.087
7402 0.087
7403 0.087
7404 0.087
7405 0.087
7406 0.087
7407 0.087
7408 0.087
7409 0.087
7410 0.087
7411 0.087
7412 0.087
7413 0.087
7414 0.087
7415 0.087
7416 0.087
7417 0.087
7418 0.087
7419 0.087
7420 0.087
7421 0.087
7422 0.087
7423 0.087
7424 0.087
7425 0.087
7426 0.087
7427 0.087
7428 0.087
7429 0.087
7430 0.087
7431 0.087
7432 0.087
7433 0.087
7434 0.087
7435 0.087
7436 0.087
7437 0.087
7438 0.087
7439 0.087
7440 0.087
7441 0.087
7442 0.087
7443 0.087
7444 0.087
7445 0.087
7446 0.087
7447 0.087
7448 0.18
7449 0.18
7450 0.18
7451 0.18
7452 0.132
7453 0.132
7454 0.132
7455 0.132
7456 0.132
7457 0.132
7458 0.18
7459 0.18
7460 0.087
7461 0.087
7462 0.087
7463 0.087
7464 0.087
7465 0.087
7466 0.087
7467 0.087
7468 0.087
7469 0.087
7470 0.087
7471 0.087
7472 0.18
7473 0.18
7474 0.18
7475 0.18
7476 0.132
7477 0.132
7478 0.132
7479 0.132
7480 0.132
7481 0.132
7482 0.18
7483 0.18
7484 0.087
7485 0.087
7486 0.087
7487 0.087
7488 0.087
7489 0.087
7490 0.087
7491 0.087
7492 0.087
7493 0.087
7494 0.087
7495 0.087
7496 0.18
7497 0.18
7498 0.18
7499 0.18
7500 0.132
7501 0.132
7502 0.132
7503 0.132
7504 0.132
7505 0.132
7506 0.18
7507 0.18
7508 0.087
7509 0.087
7510 0.087
7511 0.087
7512 0.087
7513 0.087
7514 0.087
7515 0.087
7516 0.087
7517 0.087
7518 0.087
7519 0.087
7520 0.18
7521 0.18
7522 0.18
7523 0.18
7524 0.132
7525 0.132
7526 0.132
7527 0.132
7528 0.132
7529 0.132
7530 0.18
7531 0.18
7532 0.087
7533 0.087
7534 0.087
7535 0.087
7536 0.087
7537 0.087
7538 0.087
7539 0.087
7540 0.087
7541 0.087
7542 0.087
7543 0.087
7544 0.18
7545 0.18
7546 0.18
7547 0.18
7548 0.132
7549 0.132
7550 0.132
7551 0.132
7552 0.132
7553 0.132
7554 0.18
7555 0.18
7556 0.087
7557 0.087
7558 0.087
7559 0.087
7560 0.087
7561 0.087
7562 0.087
7563 0.087
7564 0.087
7565 0.087
7566 0.087
7567 0.087
7568 0.087
7569 0.087
7570 0.087
7571 0.087
7572 0.087
7573 0.087
7574 0.087
7575 0.087
7576 0.087
7577 0.087
7578 0.087
7579 0.087
7580 0.087
7581 0.087
7582 0.087
7583 0.087
7584 0.087
7585 0.087
7586 0.087
7587 0.087
7588 0.087
7589 0.087
7590 0.087
7591 0.087
7592 0.087
7593 0.087
7594 0.087
7595 0.087
7596 0.087
7597 0.087
7598 0.087
7599 0.087
7600 0.087
7601 0.087
7602 0.087
7603 0.087
7604 0.087
7605 0.087
7606 0.087
7607 0.087
7608 0.087
7609 0.087
7610 0.087
7611 0.087
7612 0.087
7613 0.087
7614 0.087
7615 0.087
7616 0.18
7617 0.18
7618 0.18
7619 0.18
7620 0.132
7621 0.132
7622 0.132
7623 0.132
7624 0.132
7625 0.132
7626 0.18
7627 0.18
7628 0.087
7629 0.087
7630 0.087
7631 0.087
7632 0.087
7633 0.087
7634 0.087
7635 0.087
7636 0.087
7637 0.087
7638 0.087
7639 0.087
7640 0.18
7641 0.18
7642 0.18
7643 0.18
7644 0.132
7645 0.132
7646 0.132
7647 0.132
7648 0.132
7649 0.132
7650 0.18
7651 0.18
7652 0.087
7653 0.087
7654 0.087
7655 0.087
7656 0.087
7657 0.087
7658 0.087
7659 0.087
7660 0.087
7661 0.087
7662 0.087
7663 0.087
7664 0.18
7665 0.18
7666 0.18
7667 0.18
7668 0.132
7669 0.132
7670 0.132
7671 0.132
7672 0.132
7673 0.132
7674 0.18
7675 0.18
7676 0.087
7677 0.087
7678 0.087
7679 0.087
7680 0.087
7681 0.087
7682 0.087
7683 0.087
7684 0.087
7685 0.087
7686 0.087
7687 0.087
7688 0.18
7689 0.18
7690 0.18
7691 0.18
7692 0.132
7693 0.132
7694 0.132
7695 0.132
7696 0.132
7697 0.132
7698 0.18
7699 0.18
7700 0.087
7701 0.087
7702 0.087
7703 0.087
7704 0.087
7705 0.087
7706 0.087
7707 0.087
7708 0.087
7709 0.087
7710 0.087
7711 0.087
7712 0.18
7713 0.18
7714 0.18
7715 0.18
7716 0.132
7717 0.132
7718 0.132
7719 0.132
7720 0.132
7721 0.132
7722 0.18
7723 0.18
7724 0.087
7725 0.087
7726 0.087
7727 0.087
7728 0.087
7729 0.087
7730 0.087
7731 0.087
7732 0.087
7733 0.087
7734 0.087
7735 0.087
7736 0.087
7737 0.087
7738 0.087
7739 0.087
7740 0.087
7741 0.087
7742 0.087
7743 0.087
7744 0.087
7745 0.087
7746 0.087
7747 0.087
7748 0.087
7749 0.087
7750 0.087
7751 0.087
7752 0.087
7753 0.087
7754 0.087
7755 0.087
7756 0.087
7757 0.087
7758 0.087
7759 0.087
7760 0.087
7761 0.087
7762 0.087
7763 0.087
7764 0.087
7765 0.087
7766 0.087
7767 0.087
7768 0.087
7769 0.087
7770 0.087
7771 0.087
7772 0.087
7773 0.087
7774 0.087
7775 0.087
7776 0.087
7777 0.087
7778 0.087
7779 0.087
7780 0.087
7781 0.087
7782 0.087
7783 0.087
7784 0.18
7785 0.18
7786 0.18
7787 0.18
7788 0.132
7789 0.132
7790 0.132
7791 0.132
7792 0.132
7793 0.132
7794 0.18
7795 0.18
7796 0.087
7797 0.087
7798 0.087
7799 0.087
7800 0.087
7801 0.087
7802 0.087
7803 0.087
7804 0.087
7805 0.087
7806 0.087
7807 0.087
7808 0.18
7809 0.18
7810 0.18
7811 0.18
7812 0.132
7813 0.132
7814 0.132
7815 0.132
7816 0.132
7817 0.132
7818 0.18
7819 0.18
7820 0.087
7821 0.087
7822 0.087
7823 0.087
7824 0.087
7825 0.087
7826 0.087
7827 0.087
7828 0.087
7829 0.087
7830 0.087
7831 0.087
7832 0.18
7833 0.18
7834 0.18
7835 0.18
7836 0.132
7837 0.132
7838 0.132
7839 0.132
7840 0.132
7841 0.132
7842 0.18
7843 0.18
7844 0.087
7845 0.087
7846 0.087
7847 0.087
7848 0.087
7849 0.087
7850 0.087
7851 0.087
7852 0.087
7853 0.087
7854 0.087
7855 0.087
7856 0.18
7857 0.18
7858 0.18
7859 0.18
7860 0.132
7861 0.132
7862 0.132
7863 0.132
7864 0.132
7865 0.132
7866 0.18
7867 0.18
7868 0.087
7869 0.087
7870 0.087
7871 0.087
7872 0.087
7873 0.087
7874 0.087
7875 0.087
7876 0.087
7877 0.087
7878 0.087
7879 0.087
7880 0.18
7881 0.18
7882 0.18
7883 0.18
7884 0.132
7885 0.132
7886 0.132
7887 0.132
7888 0.132
7889 0.132
7890 0.18
7891 0.18
7892 0.087
7893 0.087
7894 0.087
7895 0.087
7896 0.087
7897 0.087
7898 0.087
7899 0.087
7900 0.087
7901 0.087
7902 0.087
7903 0.087
7904 0.087
7905 0.087
7906 0.087
7907 0.087
7908 0.087
7909 0.087
7910 0.087
7911 0.087
7912 0.087
7913 0.087
7914 0.087
7915 0.087
7916 0.087
7917 0.087
7918 0.087
7919 0.087
7920 0.087
7921 0.087
7922 0.087
7923 0.087
7924 0.087
7925 0.087
7926 0.087
7927 0.087
7928 0.087
7929 0.087
7930 0.087
7931 0.087
7932 0.087
7933 0.087
7934 0.087
7935 0.087
7936 0.087
7937 0.087
7938 0.087
7939 0.087
7940 0.087
7941 0.087
7942 0.087
7943 0.087
7944 0.087
7945 0.087
7946 0.087
7947 0.087
7948 0.087
7949 0.087
7950 0.087
7951 0.087
7952 0.18
7953 0.18
7954 0.18
7955 0.18
7956 0.132
7957 0.132
7958 0.132
7959 0.132
7960 0.132
7961 0.132
7962 0.18
7963 0.18
7964 0.087
7965 0.087
7966 0.087
7967 0.087
7968 0.087
7969 0.087
7970 0.087
7971 0.087
7972 0.087
7973 0.087
7974 0.087
7975 0.087
7976 0.18
7977 0.18
7978 0.18
7979 0.18
7980 0.132
7981 0.132
7982 0.132
7983 0.132
7984 0.132
7985 0.132
7986 0.18
7987 0.18
7988 0.087
7989 0.087
7990 0.087
7991 0.087
7992 0.087
7993 0.087
7994 0.087
7995 0.087
7996 0.087
7997 0.087
7998 0.087
7999 0.087
8000 0.18
8001 0.18
8002 0.18
8003 0.18
8004 0.132
8005 0.132
8006 0.132
8007 0.132
8008 0.132
8009 0.132
8010 0.18
8011 0.18
8012 0.087
8013 0.087
8014 0.087
8015 0.087
8016 0.087
8017 0.087
8018 0.087
8019 0.087
8020 0.087
8021 0.087
8022 0.087
8023 0.087
8024 0.18
8025 0.18
8026 0.18
8027 0.18
8028 0.132
8029 0.132
8030 0.132
8031 0.132
8032 0.132
8033 0.132
8034 0.18
8035 0.18
8036 0.087
8037 0.087
8038 0.087
8039 0.087
8040 0.087
8041 0.087
8042 0.087
8043 0.087
8044 0.087
8045 0.087
8046 0.087
8047 0.087
8048 0.18
8049 0.18
8050 0.18
8051 0.18
8052 0.132
8053 0.132
8054 0.132
8055 0.132
8056 0.132
8057 0.132
8058 0.18
8059 0.18
8060 0.087
8061 0.087
8062 0.087
8063 0.087
8064 0.087
8065 0.087
8066 0.087
8067 0.087
8068 0.087
8069 0.087
8070 0.087
8071 0.087
8072 0.087
8073 0.087
8074 0.087
8075 0.087
8076 0.087
8077 0.087
8078 0.087
8079 0.087
8080 0.087
8081 0.087
8082 0.087
8083 0.087
8084 0.087
8085 0.087
8086 0.087
8087 0.087
8088 0.087
8089 0.087
8090 0.087
8091 0.087
8092 0.087
8093 0.087
8094 0.087
8095 0.087
8096 0.087
8097 0.087
8098 0.087
8099 0.087
8100 0.087
8101 0.087
8102 0.087
8103 0.087
8104 0.087
8105 0.087
8106 0.087
8107 0.087
8108 0.087
8109 0.087
8110 0.087
8111 0.087
8112 0.087
8113 0.087
8114 0.087
8115 0.087
8116 0.087
8117 0.087
8118 0.087
8119 0.087
8120 0.18
8121 0.18
8122 0.18
8123 0.18
8124 0.132
8125 0.132
8126 0.132
8127 0.132
8128 0.132
8129 0.132
8130 0.18
8131 0.18
8132 0.087
8133 0.087
8134 0.087
8135 0.087
8136 0.087
8137 0.087
8138 0.087
8139 0.087
8140 0.087
8141 0.087
8142 0.087
8143 0.087
8144 0.18
8145 0.18
8146 0.18
8147 0.18
8148 0.132
8149 0.132
8150 0.132
8151 0.132
8152 0.132
8153 0.132
8154 0.18
8155 0.18
8156 0.087
8157 0.087
8158 0.087
8159 0.087
8160 0.087
8161 0.087
8162 0.087
8163 0.087
8164 0.087
8165 0.087
8166 0.087
8167 0.087
8168 0.18
8169 0.18
8170 0.18
8171 0.18
8172 0.132
8173 0.132
8174 0.132
8175 0.132
8176 0.132
8177 0.132
8178 0.18
8179 0.18
8180 0.087
8181 0.087
8182 0.087
8183 0.087
8184 0.087
8185 0.087
8186 0.087
8187 0.087
8188 0.087
8189 0.087
8190 0.087
8191 0.087
8192 0.18
8193 0.18
8194 0.18
8195 0.18
8196 0.132
8197 0.132
8198 0.132
8199 0.132
8200 0.132
8201 0.132
8202 0.18
8203 0.18
8204 0.087
8205 0.087
8206 0.087
8207 0.087
8208 0.087
8209 0.087
8210 0.087
8211 0.087
8212 0.087
8213 0.087
8214 0.087
8215 0.087
8216 0.18
8217 0.18
8218 0.18
8219 0.18
8220 0.132
8221 0.132
8222 0.132
8223 0.132
8224 0.132
8225 0.132
8226 0.18
8227 0.18
8228 0.087
8229 0.087
8230 0.087
8231 0.087
8232 0.087
8233 0.087
8234 0.087
8235 0.087
8236 0.087
8237 0.087
8238 0.087
8239 0.087
8240 0.087
8241 0.087
8242 0.087
8243 0.087
8244 0.087
8245 0.087
8246 0.087
8247 0.087
8248 0.087
8249 0.087
8250 0.087
8251 0.087
8252 0.087
8253 0.087
8254 0.087
8255 0.087
8256 0.087
8257 0.087
8258 0.087
8259 0.087
8260 0.087
8261 0.087
8262 0.087
8263 0.087
8264 0.087
8265 0.087
8266 0.087
8267 0.087
8268 0.087
8269 0.087
8270 0.087
8271 0.087
8272 0.087
8273 0.087
8274 0.087
8275 0.087
8276 0.087
8277 0.087
8278 0.087
8279 0.087
8280 0.087
8281 0.087
8282 0.087
8283 0.087
8284 0.087
8285 0.087
8286 0.087
8287 0.087
8288 0.18
8289 0.18
8290 0.18
8291 0.18
8292 0.132
8293 0.132
8294 0.132
8295 0.132
8296 0.132
8297 0.132
8298 0.18
8299 0.18
8300 0.087
8301 0.087
8302 0.087
8303 0.087
8304 0.087
8305 0.087
8306 0.087
8307 0.087
8308 0.087
8309 0.087
8310 0.087
8311 0.087
8312 0.18
8313 0.18
8314 0.18
8315 0.18
8316 0.132
8317 0.132
8318 0.132
8319 0.132
8320 0.132
8321 0.132
8322 0.18
8323 0.18
8324 0.087
8325 0.087
8326 0.087
8327 0.087
8328 0.087
8329 0.087
8330 0.087
8331 0.087
8332 0.087
8333 0.087
8334 0.087
8335 0.087
8336 0.18
8337 0.18
8338 0.18
8339 0.18
8340 0.132
8341 0.132
8342 0.132
8343 0.132
8344 0.132
8345 0.132
8346 0.18
8347 0.18
8348 0.087
8349 0.087
8350 0.087
8351 0.087
8352 0.087
8353 0.087
8354 0.087
8355 0.087
8356 0.087
8357 0.087
8358 0.087
8359 0.087
8360 0.18
8361 0.18
8362 0.18
8363 0.18
8364 0.132
8365 0.132
8366 0.132
8367 0.132
8368 0.132
8369 0.132
8370 0.18
8371 0.18
8372 0.087
8373 0.087
8374 0.087
8375 0.087
8376 0.087
8377 0.087
8378 0.087
8379 0.087
8380 0.087
8381 0.087
8382 0.087
8383 0.087
8384 0.18
8385 0.18
8386 0.18
8387 0.18
8388 0.132
8389 0.132
8390 0.132
8391 0.132
8392 0.132
8393 0.132
8394 0.18
8395 0.18
8396 0.087
8397 0.087
8398 0.087
8399 0.087
8400 0.087
8401 0.087
8402 0.087
8403 0.087
8404 0.087
8405 0.087
8406 0.087
8407 0.087
8408 0.087
8409 0.087
8410 0.087
8411 0.087
8412 0.087
8413 0.087
8414 0.087
8415 0.087
8416 0.087
8417 0.087
8418 0.087
8419 0.087
8420 0.087
8421 0.087
8422 0.087
8423 0.087
8424 0.087
8425 0.087
8426 0.087
8427 0.087
8428 0.087
8429 0.087
8430 0.087
8431 0.087
8432 0.087
8433 0.087
8434 0.087
8435 0.087
8436 0.087
8437 0.087
8438 0.087
8439 0.087
8440 0.087
8441 0.087
8442 0.087
8443 0.087
8444 0.087
8445 0.087
8446 0.087
8447 0.087
8448 0.087
8449 0.087
8450 0.087
8451 0.087
8452 0.087
8453 0.087
8454 0.087
8455 0.087
8456 0.18
8457 0.18
8458 0.18
8459 0.18
8460 0.132
8461 0.132
8462 0.132
8463 0.132
8464 0.132
8465 0.132
8466 0.18
8467 0.18
8468 0.087
8469 0.087
8470 0.087
8471 0.087
8472 0.087
8473 0.087
8474 0.087
8475 0.087
8476 0.087
8477 0.087
8478 0.087
8479 0.087
8480 0.18
8481 0.18
8482 0.18
8483 0.18
8484 0.132
8485 0.132
8486 0.132
8487 0.132
8488 0.132
8489 0.132
8490 0.18
8491 0.18
8492 0.087
8493 0.087
8494 0.087
8495 0.087
8496 0.087
8497 0.087
8498 0.087
8499 0.087
8500 0.087
8501 0.087
8502 0.087
8503 0.087
8504 0.18
8505 0.18
8506 0.18
8507 0.18
8508 0.132
8509 0.132
8510 0.132
8511 0.132
8512 0.132
8513 0.132
8514 0.18
8515 0.18
8516 0.087
8517 0.087
8518 0.087
8519 0.087
8520 0.087
8521 0.087
8522 0.087
8523 0.087
8524 0.087
8525 0.087
8526 0.087
8527 0.087
8528 0.18
8529 0.18
8530 0.18
8531 0.18
8532 0.132
8533 0.132
8534 0.132
8535 0.132
8536 0.132
8537 0.132
8538 0.18
8539 0.18
8540 0.087
8541 0.087
8542 0.087
8543 0.087
8544 0.087
8545 0.087
8546 0.087
8547 0.087
8548 0.087
8549 0.087
8550 0.087
8551 0.087
8552 0.18
8553 0.18
8554 0.18
8555 0.18
8556 0.132
8557 0.132
8558 0.132
8559 0.132
8560 0.132
8561 0.132
8562 0.18
8563 0.18
8564 0.087
8565 0.087
8566 0.087
8567 0.087
8568 0.087
8569 0.087
8570 0.087
8571 0.087
8572 0.087
8573 0.087
8574 0.087
8575 0.087
8576 0.087
8577 0.087
8578 0.087
8579 0.087
8580 0.087
8581 0.087
8582 0.087
8583 0.087
8584 0.087
8585 0.087
8586 0.087
8587 0.087
8588 0.087
8589 0.087
8590 0.087
8591 0.087
8592 0.087
8593 0.087
8594 0.087
8595 0.087
8596 0.087
8597 0.087
8598 0.087
8599 0.087
8600 0.087
8601 0.087
8602 0.087
8603 0.087
8604 0.087
8605 0.087
8606 0.087
8607 0.087
8608 0.087
8609 0.087
8610 0.087
8611 0.087
8612 0.087
8613 0.087
8614 0.087
8615 0.087
8616 0.087
8617 0.087
8618 0.087
8619 0.087
8620 0.087
8621 0.087
8622 0.087
8623 0.087
8624 0.087
8625 0.087
8626 0.087
8627 0.087
8628 0.087
8629 0.087
8630 0.087
8631 0.087
8632 0.087
8633 0.087
8634 0.087
8635 0.087
8636 0.087
8637 0.087
8638 0.087
8639 0.087
8640 0.087
8641 0.087
8642 0.087
8643 0.087
8644 0.087
8645 0.087
8646 0.087
8647 0.087
8648 0.087
8649 0.087
8650 0.087
8651 0.087
8652 0.087
8653 0.087
8654 0.087
8655 0.087
8656 0.087
8657 0.087
8658 0.087
8659 0.087
8660 0.087
8661 0.087
8662 0.087
8663 0.087
8664 0.087
8665 0.087
8666 0.087
8667 0.087
8668 0.087
8669 0.087
8670 0.087
8671 0.087
8672 0.18
8673 0.18
8674 0.18
8675 0.18
8676 0.132
8677 0.132
8678 0.132
8679 0.132
8680 0.132
8681 0.132
8682 0.18
8683 0.18
8684 0.087
8685 0.087
8686 0.087
8687 0.087
8688 0.087
8689 0.087
8690 0.087
8691 0.087
8692 0.087
8693 0.087
8694 0.087
8695 0.087
8696 0.18
8697 0.18
8698 0.18
8699 0.18
8700 0.132
8701 0.132
8702 0.132
8703 0.132
8704 0.132
8705 0.132
8706 0.18
8707 0.18
8708 0.087
8709 0.087
8710 0.087
8711 0.087
8712 0.087
8713 0.087
8714 0.087
8715 0.087
8716 0.087
8717 0.087
8718 0.087
8719 0.087
8720 0.18
8721 0.18
8722 0.18
8723 0.18
8724 0.132
8725 0.132
8726 0.132
8727 0.132
8728 0.132
8729 0.132
8730 0.18
8731 0.18
8732 0.087
8733 0.087
8734 0.087
8735 0.087
8736 0.087
8737 0.087
8738 0.087
8739 0.087
8740 0.087
8741 0.087
8742 0.087
8743 0.087
8744 0.087
8745 0.087
8746 0.087
8747 0.087
8748 0.087
8749 0.087
8750 0.087
8751 0.087
8752 0.087
8753 0.087
8754 0.087
8755 0.087
8756 0.087
8757 0.087
8758 0.087
8759 0.087
8760 0.087
;